51.896365,51.631101,56.987687,54.951954,61.880211,54.163351,42.119738,46.405094,49.471189,52.067922,38.355975,44.225274,53.191989,44.706918,43.912425,45.12741,35.838628,35.838628,35.838628,35.838628,41.172509,32.249497,21.916851,22.516153,27.721991,39.700071,16.164126,25.111779,54.650157,30.98456,30.095433,33.097854,28.978807,26.389028,27.236907,23.760986,24.917792,24.917792,24.917792,24.917792,0,0,0,0,0,0,0,0,0,0,0,0,0,0,0,0,0,0,0,0,10,10,10,10,10,10,10,10,10,10,10,10,10,10,10,10,10,10,10,10,0,0,0,0,0,0,0,0,0,0,0,0,0,0,0,0,0,0,0,0
94.341747,94.544779,94.830723,98.506755,93.377356,94.676802,108.950773,95.108855,94.936886,95.300671,95.537277,95.320551,95.200261,95.19406,95.253032,94.830646,94.599589,94.884799,94.901525,94.739876,94.851814,103.093484,96.198495,100.970923,100.757601,94.941916,95.112796,95.33804,95.751871,95.833591,101.098377,101.108496,100.825881,101.358177,101.022998,101.013822,106.88127,101.785458,103.12646,100.015452,100.853933,100.970685,100.931607,100.995745,101.094512,107.519908,100.669724,108.105082,108.025111,107.76881,99.110482,89.739485,100.723073,101.058003,101.020949,107.114347,104.839009,96.92768,101.505361,101.327171,101.622251,101.519521,86.731385,95.13112,101.770358,101.293691,94.890779,110.175453,101.884261,102.279629,102.10023,101.812441,101.696589,97.841856,101.785561,97.971265,60.839248,61.05856,61.066442,55.278175,47.387107,61.260105,76.72713,61.283988,60.904939,61.511875,61.617139,61.227553,60.92566,61.501637,61.843484,61.59487,61.549863,61.751099,61.13951,61.233482,61.335298,66.733007,53.867791,50.201644,50.562011,61.432939,61.384478,61.658713,61.235135,61.27962,50.059558,50.368241,50.342801,50.305799,50.179256,50.91929,75.024954,72.288006,44.810002,61.787732,59.909855,59.934304,50.815174,50.286078,50.268435,52.828105,50.270672,52.238732,51.794777,51.83771,44.915508,44.647062,49.714856,49.842479,49.954533,50.918958,43.941639,44.020377,49.938307,49.673759,50.012919,49.42959,46.129222,50.489725,49.803092,49.542609,44.104995,46.694771,49.776462,50.008948,49.94353,49.496951,49.771679,52.247621,49.421976,56.038817,0,0,0,0,0,0,0,0,0,0,0,0,0,0,0,0,0,0,0,0,0,0,0,0,0,0,0,0,0,0,0,0,0,0,0,0,0,0,0,0,0,0,0,0,0,0,0,0,0,0,0,0,0,0,0,0,0,0,0,0,0,0,0,0,0,0,0,0,0,0,0,0,0,0,0,0,10,10,10,10,10,10,10,10,10,10,10,10,10,10,10,10,10,10,10,10,10,10,10,10,10,10,10,10,10,10,10,10,10,10,10,10,10,10,10,10,10,10,10,10,10,10,10,10,10,10,10,10,10,10,10,10,10,10,10,10,10,10,10,10,10,10,10,10,10,10,10,10,10,10,10,10,0,0,0,0,0,0,0,0,0,0,0,0,0,0,0,0,0,0,0,0,0,0,0,0,0,0,0,0,0,0,0,0,0,0,0,0,0,0,0,0,0,0,0,0,0,0,0,0,0,0,0,0,0,0,0,0,0,0,0,0,0,0,0,0,0,0,0,0,0,0,0,0,0,0,0,0
86.084747,85.947381,85.769883,85.761973,85.880737,85.551233,85.760832,95.307928,85.927188,85.791158,86.368877,78.30769,81.85851,88.598155,70.360255,59.234105,89.847297,83.764209,73.779013,68.605407,94.291211,85.484504,95.170241,86.047493,99.313219,85.779544,93.853095,85.402329,85.909451,112.095315,92.28183,75.946829,103.733552,107.159192,94.773943,94.192424,94.788611,94.687427,97.509831,94.028396,94.958429,93.842283,94.11619,93.972193,94.42979,94.157771,83.192904,95.069515,94.484884,93.690538,93.863729,93.959205,93.975745,94.397494,94.519965,95.058088,93.925812,93.557472,93.246021,93.222551,94.059507,93.368415,94.474681,93.304874,93.707006,94.395611,93.57571,97.844716,93.185046,94.761194,94.69283,83.583402,94.517964,95.093221,95.113199,94.875272,95.106534,105.439823,94.908289,111.75532,112.459512,98.115204,83.002732,105.431291,95.066188,94.962009,95.462041,94.91817,94.888323,95.13091,94.856081,94.144165,101.95495,88.967682,94.123087,85.705742,94.036235,94.305976,99.131609,89.096243,94.304438,99.667092,95.030571,94.394534,94.722575,89.893504,94.573707,95.028107,95.736862,95.055882,94.942191,95.000231,95.143459,95.098565,80.427453,95.909089,76.131055,95.455159,95.233688,59.838248,85.118642,90.221505,16.958249,16.947954,17.083885,16.936453,16.53621,16.792001,16.970862,26.17291,16.593782,16.348281,16.826636,10.947044,20.15083,7.959175,11.768689,8.519865,7.812999,4.86276,5.096034,10.980861,27.071398,16.702065,26.730051,16.674713,24.052893,17.337886,26.911678,17.119972,17.535429,19.759419,19.117023,26.038819,20.944323,12.841254,26.713425,26.753666,26.219752,27.145873,18.676313,27.792441,27.966113,26.860738,26.56146,27.307687,27.070505,27.070492,25.887562,26.191729,26.764469,26.884554,26.113169,26.461714,27.627184,26.750411,26.288914,26.567237,25.490665,26.078663,26.583064,26.86357,27.172559,27.099489,27.028752,26.803665,26.548128,26.628403,25.91165,33.966552,26.609006,26.376576,26.367542,26.622134,26.420994,26.831434,26.329202,26.382643,27.006653,22.078155,27.322341,19.107992,42.731015,23.912904,32.006283,25.095158,27.629124,26.878262,26.926187,27.813768,27.744321,26.950927,27.806908,26.996582,21.631335,28.873148,27.081175,17.455314,18.728405,26.4566,20.873955,19.239454,26.710528,21.006537,26.537867,26.755259,26.630739,15.250315,26.026365,25.207855,34.417728,25.33805,25.016492,24.753571,24.144462,24.034679,15.768471,23.867199,27.019419,24.112369,24.530026,25.170465,31.244163,27.686633,0,0,0,0,0,0,0,0,0,0,0,0,0,0,0,0,0,0,0,0,0,0,0,0,0,0,0,0,0,0,0,0,0,0,0,0,0,0,0,0,0,0,0,0,0,0,0,0,0,0,0,0,0,0,0,0,0,0,0,0,0,0,0,0,0,0,0,0,0,0,0,0,0,0,0,0,0,0,0,0,0,0,0,0,0,0,0,0,0,0,0,0,0,0,0,0,0,0,0,0,0,0,0,0,0,0,0,0,0,0,0,0,0,0,0,0,0,0,0,0,0,0,10,10,10,10,10,10,10,10,10,10,10,10,10,10,10,10,10,10,10,10,10,10,10,10,10,10,10,10,10,10,10,10,10,10,10,10,10,10,10,10,10,10,10,10,10,10,10,10,10,10,10,10,10,10,10,10,10,10,10,10,10,10,10,10,10,10,10,10,10,10,10,10,10,10,10,10,10,10,10,10,10,10,10,10,10,10,10,10,10,10,10,10,10,10,10,10,10,10,10,10,10,10,10,10,10,10,10,10,10,10,10,10,10,10,10,10,10,10,10,10,10,10,0,0,0,0,0,0,0,0,0,0,0,0,0,0,0,0,0,0,0,0,0,0,0,0,0,0,0,0,0,0,0,0,0,0,0,0,0,0,0,0,0,0,0,0,0,0,0,0,0,0,0,0,0,0,0,0,0,0,0,0,0,0,0,0,0,0,0,0,0,0,0,0,0,0,0,0,0,0,0,0,0,0,0,0,0,0,0,0,0,0,0,0,0,0,0,0,0,0,0,0,0,0,0,0,0,0,0,0,0,0,0,0,0,0,0,0,0,0,0,0,0,0
95.348648,95.192777,95.312484,95.711273,104.0501,89.888033,97.400753,111.838213,97.874751,99.114338,96.218795,105.033685,97.261043,101.181133,106.012171,95.414199,88.49407,88.49407,88.49407,88.49407,27.46513,27.076369,26.961694,27.137882,22.034773,35.826156,40.764201,13.045575,12.018304,16.227408,20.533758,18.23069,10.73201,17.268275,23.153355,26.86349,34.114244,34.114244,34.114244,34.114244,0,0,0,0,0,0,0,0,0,0,0,0,0,0,0,0,0,0,0,0,10,10,10,10,10,10,10,10,10,10,10,10,10,10,10,10,10,10,10,10,0,0,0,0,0,0,0,0,0,0,0,0,0,0,0,0,0,0,0,0
101.652464,107.0,108.0,108.0,108.0,95.709507,108.140874,96.026335,109.270431,109.164765,110.0,109.788297,110.0,97.073408,97.0,110.0,110.0,117.0,110.207727,118.121126,103.94273,120.2863,119.079249,111.0,111.0,111.0,110.0,103.486911,111.0,110.0,111.0,111.0,113.983006,122.476352,110.0,110.0,110.348397,110.0,110.0,110.0,110.0,110.0,119.768324,115.044643,111.0,111.0,111.0,111.0,111.0,121.0,111.0,111.0,111.0,111.0,106.093231,107.874054,103.520097,95.861469,98.636957,104.426318,97.135874,97.078829,107.107492,0.961604,0.0,0.0,0.0,0.0,13.196983,0.692439,2.244256,1.508207,0.734024,0.0,0.549959,0.0,3.448005,0.0,0.0,0.0,0.0,7.639488,8.076881,10.712847,4.305897,16.045078,0.0,0.0,0.0,0.0,1.991617,0.0,0.0,0.0,0.0,13.577752,10.061078,0.0,0.0,0.529081,0.0,0.0,0.0,0.0,0.0,10.071557,2.977417,0.0,0.0,0.0,0.0,0.0,0.0,0.0,0.0,0.0,0.0,9.229172,14.882478,28.218548,36.106353,36.235373,25.072056,18.748903,10.374237,11.17274,0,0,0,0,0,0,0,0,0,0,0,0,0,0,0,0,0,0,0,0,0,0,0,0,0,0,0,0,0,0,0,0,0,0,0,0,0,0,0,0,0,0,0,0,0,0,0,0,0,0,0,0,0,0,0,0,0,0,0,0,0,0,0,10,10,10,10,10,10,10,10,10,10,10,10,10,10,10,10,10,10,10,10,10,10,10,10,10,10,10,10,10,10,10,10,10,10,10,10,10,10,10,10,10,10,10,10,10,10,10,10,10,10,10,10,10,10,10,10,10,10,10,10,10,10,10,0,0,0,0,0,0,0,0,0,0,0,0,0,0,0,0,0,0,0,0,0,0,0,0,0,0,0,0,0,0,0,0,0,0,0,0,0,0,0,0,0,0,0,0,0,0,0,0,0,0,0,0,0,0,0,0,0,0,0,0,0,0,0
118.878166,127.0,120.11477,127.0,127.0,127.0,127.0,127.0,127.0,127.0,127.0,127.0,127.0,127.0,127.0,127.0,127.0,127.0,127.0,127.0,25.85954,23.0,27.932781,18.0,18.0,18.0,18.0,18.0,18.0,18.0,18.0,18.0,18.0,18.0,18.0,18.0,18.0,18.0,18.0,18.0,0,0,0,0,0,0,0,0,0,0,0,0,0,0,0,0,0,0,0,0,10,10,10,10,10,10,10,10,10,10,10,10,10,10,10,10,10,10,10,10,0,0,0,0,0,0,0,0,0,0,0,0,0,0,0,0,0,0,0,0
101.225416,100.861813,101.378254,101.109709,101.10844,101.096067,101.343157,101.05113,101.180234,101.05629,101.63009,101.242795,101.105038,108.536523,106.978056,90.742898,107.15026,106.606054,106.878216,107.104763,89.903249,111.279725,100.748844,106.904492,115.228129,106.8603,73.869525,77.440143,116.290322,107.925321,107.764076,107.713922,115.94159,107.665678,107.261355,107.13392,117.207458,106.698346,106.981014,108.971174,107.273009,107.104956,107.322956,107.944368,107.293482,120.547757,118.959776,49.233706,49.240906,49.440421,49.523125,49.574997,49.889026,50.183251,50.080434,50.140919,49.989251,49.92514,50.262364,50.056459,50.092387,51.995417,55.359951,52.066198,52.265255,52.056196,51.798179,45.848396,46.60989,50.16166,52.008543,27.82373,51.896798,61.168313,61.993566,39.853191,51.958091,51.749617,51.915562,53.552396,52.080408,52.202632,51.625589,53.176546,51.56104,51.174482,55.851109,52.148516,52.044977,52.065891,51.670669,51.566795,47.168044,41.746378,0,0,0,0,0,0,0,0,0,0,0,0,0,0,0,0,0,0,0,0,0,0,0,0,0,0,0,0,0,0,0,0,0,0,0,0,0,0,0,0,0,0,0,0,0,0,0,10,10,10,10,10,10,10,10,10,10,10,10,10,10,10,10,10,10,10,10,10,10,10,10,10,10,10,10,10,10,10,10,10,10,10,10,10,10,10,10,10,10,10,10,10,10,10,0,0,0,0,0,0,0,0,0,0,0,0,0,0,0,0,0,0,0,0,0,0,0,0,0,0,0,0,0,0,0,0,0,0,0,0,0,0,0,0,0,0,0,0,0,0,0
127.0,127.0,127.0,127.0,127.0,127.0,127.0,127.0,127.0,127.0,127.0,127.0,127.0,127.0,127.0,127.0,127.0,127.0,127.0,127.0,73.0,67.0,57.0,69.0,69.0,69.0,69.0,69.0,69.0,69.0,69.0,69.0,69.0,69.0,69.0,69.0,69.0,69.0,69.0,69.0,0,0,0,0,0,0,0,0,0,0,0,0,0,0,0,0,0,0,0,0,10,10,10,10,10,10,10,10,10,10,10,10,10,10,10,10,10,10,10,10,0,0,0,0,0,0,0,0,0,0,0,0,0,0,0,0,0,0,0,0
50.0,56.740213,54.746807,54.746807,54.746807,54.746807,54.746807,54.746807,54.746807,54.746807,54.746807,54.746807,54.746807,54.746807,54.746807,54.746807,54.746807,54.746807,54.746807,54.746807,127.0,121.92333,124.225035,124.225035,124.225035,124.225035,124.225035,124.225035,124.225035,124.225035,124.225035,124.225035,124.225035,124.225035,124.225035,124.225035,124.225035,124.225035,124.225035,124.225035,0,0,0,0,0,0,0,0,0,0,0,0,0,0,0,0,0,0,0,0,10,10,10,10,10,10,10,10,10,10,10,10,10,10,10,10,10,10,10,10,0,0,0,0,0,0,0,0,0,0,0,0,0,0,0,0,0,0,0,0
108.434656,108.814398,108.307517,108.076484,108.353866,108.69667,108.245219,108.584263,108.240132,108.895531,108.16935,107.967285,107.78476,108.488957,108.112928,108.573877,108.327842,108.128846,108.163546,107.897592,108.023377,107.955272,108.20525,108.820965,108.707724,108.92661,108.76297,109.005834,102.519744,100.822319,90.034004,119.112426,108.077603,114.114377,107.841113,107.855859,108.206012,107.988775,107.65283,108.079671,107.891851,107.724411,107.74384,107.307589,107.468151,107.27079,107.15173,107.603795,106.944245,115.642277,118.0,123.752653,123.914117,124.088412,123.988736,124.049339,124.022365,124.162214,124.058659,124.014051,124.220598,124.21928,123.954203,124.366563,124.768277,124.838372,124.872463,124.676635,124.797427,124.990403,125.476335,125.09603,124.89535,124.698743,124.813038,124.51821,124.830303,125.10327,125.655983,119.551282,115.103487,121.246563,120.243015,115.294414,104.178285,124.484962,124.924345,124.806346,124.218627,124.360525,123.988859,123.984099,123.97479,123.764555,123.8336,123.534629,123.689857,123.809624,123.353278,123.754063,124.944101,127.0,0,0,0,0,0,0,0,0,0,0,0,0,0,0,0,0,0,0,0,0,0,0,0,0,0,0,0,0,0,0,0,0,0,0,0,0,0,0,0,0,0,0,0,0,0,0,0,0,0,0,0,10,10,10,10,10,10,10,10,10,10,10,10,10,10,10,10,10,10,10,10,10,10,10,10,10,10,10,10,10,10,10,10,10,10,10,10,10,10,10,10,10,10,10,10,10,10,10,10,10,10,10,0,0,0,0,0,0,0,0,0,0,0,0,0,0,0,0,0,0,0,0,0,0,0,0,0,0,0,0,0,0,0,0,0,0,0,0,0,0,0,0,0,0,0,0,0,0,0,0,0,0,0
107.016272,107.336568,106.811942,106.661782,116.98323,127.0,107.120033,106.988355,107.157637,106.767207,107.36414,106.84785,106.825803,100.964336,101.107019,102.133019,107.593368,105.13224,104.356856,104.356856,51.901179,51.60009,51.611698,52.422082,45.139922,56.0,51.957595,51.758225,51.905929,52.025848,51.769167,52.20937,51.945305,50.071485,50.262709,43.920026,35.694826,35.660862,37.771736,37.771736,0,0,0,0,0,0,0,0,0,0,0,0,0,0,0,0,0,0,0,0,10,10,10,10,10,10,10,10,10,10,10,10,10,10,10,10,10,10,10,10,0,0,0,0,0,0,0,0,0,0,0,0,0,0,0,0,0,0,0,0
22.07111,21.941872,22.026679,21.688347,20.508711,20.067722,19.357462,24.350809,29.036164,18.81244,17.985402,17.425248,17.231938,16.674903,16.31666,16.42348,14.958259,21.875956,15.000469,14.829797,10.000824,3.212797,14.49227,20.412786,13.172693,13.03291,13.617517,13.828229,12.930677,12.848869,12.994237,10.855544,10.064603,10.859729,8.121407,8.146504,7.671475,8.75736,17.306053,5.764097,4.960779,4.516187,3.817356,0.0,2.232462,2.019125,0.0,2.898973,8.935749,0.0,21.447338,21.988873,22.187887,22.022608,21.743639,20.914304,20.826608,28.163803,30.935889,20.936704,21.20586,21.381824,21.538947,21.792758,21.909351,22.339946,18.131988,19.236499,21.827964,21.206112,27.074951,30.644117,12.253307,7.434012,19.882791,19.590598,19.976457,20.251216,19.593699,19.815577,36.119907,19.985314,19.800026,24.365166,19.156803,19.56353,19.516335,41.931353,37.244043,22.150391,23.119413,24.080092,24.19693,20.0,33.268301,25.889184,27.0,18.14298,18.58522,9.0,0,0,0,0,0,0,0,0,0,0,0,0,0,0,0,0,0,0,0,0,0,0,0,0,0,0,0,0,0,0,0,0,0,0,0,0,0,0,0,0,0,0,0,0,0,0,0,0,0,0,10,10,10,10,10,10,10,10,10,10,10,10,10,10,10,10,10,10,10,10,10,10,10,10,10,10,10,10,10,10,10,10,10,10,10,10,10,10,10,10,10,10,10,10,10,10,10,10,10,10,0,0,0,0,0,0,0,0,0,0,0,0,0,0,0,0,0,0,0,0,0,0,0,0,0,0,0,0,0,0,0,0,0,0,0,0,0,0,0,0,0,0,0,0,0,0,0,0,0,0
96.93735,96.604615,96.400018,95.543403,95.067272,94.8753,94.598757,93.89294,93.205022,109.081947,105.634117,110.988725,91.649898,109.690038,106.569339,91.982066,103.297358,91.150258,102.17436,90.126584,101.138967,88.867403,107.139366,81.648256,77.492212,78.741016,99.716025,93.024626,69.022102,67.271903,65.630506,97.675415,71.27363,67.309515,76.246614,84.064782,87.281423,71.153654,83.172738,76.969727,83.03752,67.755268,83.086755,89.267033,92.732053,103.631152,103.871735,102.328688,104.040613,104.057374,104.501889,116.748205,105.222978,123.980235,105.320884,106.626402,107.251552,108.884117,107.800292,109.216261,109.015121,109.58785,109.116514,109.295457,127.0,106.057856,123.831082,110.730135,107.947752,113.035983,107.416243,121.834775,105.837117,108.755984,111.449484,107.681909,101.826334,102.031095,101.643364,101.832861,107.551239,101.916539,94.15011,101.732179,101.987928,99.166015,101.681162,102.057667,101.464637,102.016515,101.851911,101.787792,109.12013,101.661444,107.62266,101.64307,101.7092,107.558224,101.950202,102.679726,102.896347,102.073949,107.21972,106.985799,107.023797,107.458114,107.314989,122.486375,107.254639,91.984906,107.423139,107.046325,107.053448,107.423913,107.482117,107.384121,107.358366,106.936867,107.454455,121.039623,106.757807,106.959612,113.502323,106.669338,107.005378,108.877519,101.290988,109.147455,101.199993,110.864139,111.761506,111.789451,104.891804,98.855095,98.706235,89.697403,83.223719,82.923187,82.744345,83.091844,82.869926,82.6864,82.924803,83.868956,84.642375,79.587731,81.201482,81.29021,83.637994,70.281908,61.139575,81.995441,67.032664,82.261413,66.787722,81.625648,50.169939,80.161605,52.191521,75.117263,63.578985,76.046671,78.78082,68.342418,66.984286,67.149091,60.189894,70.951966,52.758948,50.291432,99.853315,74.280864,76.152302,41.413427,73.742487,44.16758,72.008455,34.212496,73.166764,61.525433,60.976629,60.012555,59.956145,79.290306,59.133314,58.19239,58.583672,77.049962,57.25976,72.914264,55.969533,55.478777,54.990943,68.995142,53.396044,54.2873,53.494185,53.916886,53.209958,52.584454,79.0,44.868834,78.096204,54.329927,52.398161,47.580496,52.19173,41.860545,43.19133,44.204942,54.005589,51.608489,49.486398,49.735338,49.504801,49.952797,52.19417,49.83766,52.890084,49.314617,49.783761,64.39877,49.853794,49.318458,49.373911,49.337938,49.281496,49.096888,37.763818,49.080673,25.604358,49.092393,49.602186,52.099558,49.435957,49.994222,50.116267,49.753582,51.83981,51.899891,52.274576,52.415926,53.085548,52.752439,52.759585,73.013757,52.572553,52.958384,51.851132,52.465962,52.130866,52.250157,52.859892,52.837884,51.623896,54.264403,52.177857,52.827973,44.428415,42.849742,58.417602,52.28773,49.922845,52.746343,50.011809,53.259384,53.253255,53.007159,63.327413,64.174957,70.007219,65.302513,0,0,0,0,0,0,0,0,0,0,0,0,0,0,0,0,0,0,0,0,0,0,0,0,0,0,0,0,0,0,0,0,0,0,0,0,0,0,0,0,0,0,0,0,0,0,0,0,0,0,0,0,0,0,0,0,0,0,0,0,0,0,0,0,0,0,0,0,0,0,0,0,0,0,0,0,0,0,0,0,0,0,0,0,0,0,0,0,0,0,0,0,0,0,0,0,0,0,0,0,0,0,0,0,0,0,0,0,0,0,0,0,0,0,0,0,0,0,0,0,0,0,0,0,0,0,0,0,0,0,0,0,0,0,0,0,10,10,10,10,10,10,10,10,10,10,10,10,10,10,10,10,10,10,10,10,10,10,10,10,10,10,10,10,10,10,10,10,10,10,10,10,10,10,10,10,10,10,10,10,10,10,10,10,10,10,10,10,10,10,10,10,10,10,10,10,10,10,10,10,10,10,10,10,10,10,10,10,10,10,10,10,10,10,10,10,10,10,10,10,10,10,10,10,10,10,10,10,10,10,10,10,10,10,10,10,10,10,10,10,10,10,10,10,10,10,10,10,10,10,10,10,10,10,10,10,10,10,10,10,10,10,10,10,10,10,10,10,10,10,10,10,0,0,0,0,0,0,0,0,0,0,0,0,0,0,0,0,0,0,0,0,0,0,0,0,0,0,0,0,0,0,0,0,0,0,0,0,0,0,0,0,0,0,0,0,0,0,0,0,0,0,0,0,0,0,0,0,0,0,0,0,0,0,0,0,0,0,0,0,0,0,0,0,0,0,0,0,0,0,0,0,0,0,0,0,0,0,0,0,0,0,0,0,0,0,0,0,0,0,0,0,0,0,0,0,0,0,0,0,0,0,0,0,0,0,0,0,0,0,0,0,0,0,0,0,0,0,0,0,0,0,0,0,0,0,0,0
0.0,11.970531,15.897606,6.175117,6.175117,6.175117,6.175117,6.175117,6.175117,6.175117,6.175117,6.175117,6.175117,6.175117,6.175117,6.175117,6.175117,6.175117,6.175117,6.175117,92.0,96.093866,97.123625,86.929933,86.929933,86.929933,86.929933,86.929933,86.929933,86.929933,86.929933,86.929933,86.929933,86.929933,86.929933,86.929933,86.929933,86.929933,86.929933,86.929933,0,0,0,0,0,0,0,0,0,0,0,0,0,0,0,0,0,0,0,0,10,10,10,10,10,10,10,10,10,10,10,10,10,10,10,10,10,10,10,10,0,0,0,0,0,0,0,0,0,0,0,0,0,0,0,0,0,0,0,0
56.467879,50.354964,65.169317,72.030412,72.030412,72.030412,72.030412,72.030412,72.030412,72.030412,72.030412,72.030412,72.030412,72.030412,72.030412,72.030412,72.030412,72.030412,72.030412,72.030412,111.686779,103.180835,100.898667,99.970099,99.970099,99.970099,99.970099,99.970099,99.970099,99.970099,99.970099,99.970099,99.970099,99.970099,99.970099,99.970099,99.970099,99.970099,99.970099,99.970099,0,0,0,0,0,0,0,0,0,0,0,0,0,0,0,0,0,0,0,0,10,10,10,10,10,10,10,10,10,10,10,10,10,10,10,10,10,10,10,10,0,0,0,0,0,0,0,0,0,0,0,0,0,0,0,0,0,0,0,0
119.69521,127.0,127.0,127.0,127.0,127.0,127.0,127.0,127.0,127.0,127.0,127.0,127.0,127.0,127.0,127.0,127.0,127.0,127.0,127.0,97.35622,98.0,101.0,101.0,101.0,101.0,101.0,101.0,101.0,101.0,101.0,101.0,101.0,101.0,101.0,101.0,101.0,101.0,101.0,101.0,0,0,0,0,0,0,0,0,0,0,0,0,0,0,0,0,0,0,0,0,10,10,10,10,10,10,10,10,10,10,10,10,10,10,10,10,10,10,10,10,0,0,0,0,0,0,0,0,0,0,0,0,0,0,0,0,0,0,0,0
38.00453,41.436017,41.436017,41.436017,41.436017,41.436017,41.436017,41.436017,41.436017,41.436017,41.436017,41.436017,41.436017,41.436017,41.436017,41.436017,41.436017,41.436017,41.436017,41.436017,65.493662,59.240405,59.240405,59.240405,59.240405,59.240405,59.240405,59.240405,59.240405,59.240405,59.240405,59.240405,59.240405,59.240405,59.240405,59.240405,59.240405,59.240405,59.240405,59.240405,0,0,0,0,0,0,0,0,0,0,0,0,0,0,0,0,0,0,0,0,10,10,10,10,10,10,10,10,10,10,10,10,10,10,10,10,10,10,10,10,0,0,0,0,0,0,0,0,0,0,0,0,0,0,0,0,0,0,0,0
40.162446,45.08026,51.493513,50.062727,55.145066,42.145344,60.126865,59.893472,64.035113,64.271251,70.858408,67.400369,67.908739,72.22377,79.591407,74.694269,75.181747,67.299657,71.807412,62.949437,63.326595,118.126611,115.06752,113.456039,114.980687,112.322631,92.868173,104.922619,118.261026,119.073918,111.94622,103.188225,114.568487,119.7792,124.134092,117.915798,124.119944,112.405675,101.977898,95.007614,99.423224,101.873258,0,0,0,0,0,0,0,0,0,0,0,0,0,0,0,0,0,0,0,0,0,10,10,10,10,10,10,10,10,10,10,10,10,10,10,10,10,10,10,10,10,10,0,0,0,0,0,0,0,0,0,0,0,0,0,0,0,0,0,0,0,0,0
6.395258,20.086115,26.073418,16.314533,16.207999,15.488362,15.488362,15.488362,15.488362,15.488362,15.488362,15.488362,15.488362,15.488362,15.488362,15.488362,15.488362,15.488362,15.488362,15.488362,60.194336,55.015007,59.212604,65.979113,48.107994,49.023025,49.023025,49.023025,49.023025,49.023025,49.023025,49.023025,49.023025,49.023025,49.023025,49.023025,49.023025,49.023025,49.023025,49.023025,0,0,0,0,0,0,0,0,0,0,0,0,0,0,0,0,0,0,0,0,10,10,10,10,10,10,10,10,10,10,10,10,10,10,10,10,10,10,10,10,0,0,0,0,0,0,0,0,0,0,0,0,0,0,0,0,0,0,0,0
29.786784,36.142075,28.250456,35.236812,33.175821,33.175821,33.175821,33.175821,33.175821,33.175821,33.175821,33.175821,33.175821,33.175821,33.175821,33.175821,33.175821,33.175821,33.175821,33.175821,71.306259,73.071077,82.502553,77.747795,76.182242,76.182242,76.182242,76.182242,76.182242,76.182242,76.182242,76.182242,76.182242,76.182242,76.182242,76.182242,76.182242,76.182242,76.182242,76.182242,0,0,0,0,0,0,0,0,0,0,0,0,0,0,0,0,0,0,0,0,10,10,10,10,10,10,10,10,10,10,10,10,10,10,10,10,10,10,10,10,0,0,0,0,0,0,0,0,0,0,0,0,0,0,0,0,0,0,0,0
105.737217,112.762424,104.907261,113.4129,104.799641,105.560494,103.86954,106.248573,106.248573,106.248573,106.248573,106.248573,106.248573,106.248573,106.248573,106.248573,106.248573,106.248573,106.248573,106.248573,100.990945,94.443643,102.589828,108.778697,111.946436,100.116061,98.19648,111.482289,111.482289,111.482289,111.482289,111.482289,111.482289,111.482289,111.482289,111.482289,111.482289,111.482289,111.482289,111.482289,0,0,0,0,0,0,0,0,0,0,0,0,0,0,0,0,0,0,0,0,10,10,10,10,10,10,10,10,10,10,10,10,10,10,10,10,10,10,10,10,0,0,0,0,0,0,0,0,0,0,0,0,0,0,0,0,0,0,0,0
0.0,0.0,9.432171,2.917011,0.0,0.0,5.0,5.0,5.0,5.0,5.0,5.0,5.0,5.0,5.0,5.0,5.0,5.0,5.0,5.0,17.0,4.0,5.583389,12.142659,14.0,14.0,0.0,0.0,0.0,0.0,0.0,0.0,0.0,0.0,0.0,0.0,0.0,0.0,0.0,0.0,0,0,0,0,0,0,0,0,0,0,0,0,0,0,0,0,0,0,0,0,10,10,10,10,10,10,10,10,10,10,10,10,10,10,10,10,10,10,10,10,0,0,0,0,0,0,0,0,0,0,0,0,0,0,0,0,0,0,0,0
51.834522,57.524683,57.524683,57.524683,57.524683,57.524683,57.524683,57.524683,57.524683,57.524683,57.524683,57.524683,57.524683,57.524683,57.524683,57.524683,57.524683,57.524683,57.524683,57.524683,91.634064,92.94018,92.94018,92.94018,92.94018,92.94018,92.94018,92.94018,92.94018,92.94018,92.94018,92.94018,92.94018,92.94018,92.94018,92.94018,92.94018,92.94018,92.94018,92.94018,0,0,0,0,0,0,0,0,0,0,0,0,0,0,0,0,0,0,0,0,10,10,10,10,10,10,10,10,10,10,10,10,10,10,10,10,10,10,10,10,0,0,0,0,0,0,0,0,0,0,0,0,0,0,0,0,0,0,0,0
63.339926,64.0,69.622146,66.0,53.0,53.0,53.0,53.0,53.0,53.0,53.0,53.0,53.0,53.0,53.0,53.0,53.0,53.0,53.0,53.0,4.639415,5.0,5.144037,0.0,0.0,0.0,0.0,0.0,0.0,0.0,0.0,0.0,0.0,0.0,0.0,0.0,0.0,0.0,0.0,0.0,0,0,0,0,0,0,0,0,0,0,0,0,0,0,0,0,0,0,0,0,10,10,10,10,10,10,10,10,10,10,10,10,10,10,10,10,10,10,10,10,0,0,0,0,0,0,0,0,0,0,0,0,0,0,0,0,0,0,0,0
45.611902,46.052049,47.961407,48.493635,52.095636,52.095636,52.095636,52.095636,52.095636,52.095636,52.095636,52.095636,52.095636,52.095636,52.095636,52.095636,52.095636,52.095636,52.095636,52.095636,72.611673,81.350863,78.237439,85.880068,87.139236,87.139236,87.139236,87.139236,87.139236,87.139236,87.139236,87.139236,87.139236,87.139236,87.139236,87.139236,87.139236,87.139236,87.139236,87.139236,0,0,0,0,0,0,0,0,0,0,0,0,0,0,0,0,0,0,0,0,10,10,10,10,10,10,10,10,10,10,10,10,10,10,10,10,10,10,10,10,0,0,0,0,0,0,0,0,0,0,0,0,0,0,0,0,0,0,0,0
17.0,11.786909,11.786909,11.786909,11.786909,11.786909,11.786909,11.786909,11.786909,11.786909,11.786909,11.786909,11.786909,11.786909,11.786909,11.786909,11.786909,11.786909,11.786909,11.786909,127.0,124.69789,124.69789,124.69789,124.69789,124.69789,124.69789,124.69789,124.69789,124.69789,124.69789,124.69789,124.69789,124.69789,124.69789,124.69789,124.69789,124.69789,124.69789,124.69789,0,0,0,0,0,0,0,0,0,0,0,0,0,0,0,0,0,0,0,0,10,10,10,10,10,10,10,10,10,10,10,10,10,10,10,10,10,10,10,10,0,0,0,0,0,0,0,0,0,0,0,0,0,0,0,0,0,0,0,0
0.0,9.73737,8.835931,10.0,10.0,10.0,10.0,10.0,10.0,10.0,10.0,10.0,10.0,10.0,10.0,10.0,10.0,10.0,10.0,10.0,124.0,117.224325,115.888027,127.0,127.0,127.0,127.0,127.0,127.0,127.0,127.0,127.0,127.0,127.0,127.0,127.0,127.0,127.0,127.0,127.0,0,0,0,0,0,0,0,0,0,0,0,0,0,0,0,0,0,0,0,0,10,10,10,10,10,10,10,10,10,10,10,10,10,10,10,10,10,10,10,10,0,0,0,0,0,0,0,0,0,0,0,0,0,0,0,0,0,0,0,0
54.762507,66.181442,76.962526,69.719242,76.826742,81.889819,75.306235,70.447734,71.228023,64.645789,64.165259,59.877259,64.022511,67.580549,57.815234,67.40048,66.791066,70.731642,62.298445,54.915894,59.490452,67.900247,47.117987,75.307121,47.832962,50.867962,45.913294,42.309772,34.782686,42.600112,37.25076,31.976253,41.433019,37.442879,38.213498,46.866163,40.980937,35.647759,30.318165,34.869736,34.676692,40.051074,33.233409,66.872088,67.213312,62.015668,55.759048,43.320138,45.237107,40.772058,39.957813,37.984098,38.663583,29.005116,31.08614,16.226569,28.545063,35.122246,45.335847,27.026264,34.113886,37.193929,39.854007,47.167679,38.004215,57.314464,31.999962,76.020049,71.6066,44.971285,49.293304,53.926906,49.852715,47.836033,53.681863,62.391521,63.487643,71.171897,81.766493,81.838189,72.212388,76.441728,70.734334,73.871837,81.006566,66.082414,0,0,0,0,0,0,0,0,0,0,0,0,0,0,0,0,0,0,0,0,0,0,0,0,0,0,0,0,0,0,0,0,0,0,0,0,0,0,0,0,0,0,0,10,10,10,10,10,10,10,10,10,10,10,10,10,10,10,10,10,10,10,10,10,10,10,10,10,10,10,10,10,10,10,10,10,10,10,10,10,10,10,10,10,10,10,0,0,0,0,0,0,0,0,0,0,0,0,0,0,0,0,0,0,0,0,0,0,0,0,0,0,0,0,0,0,0,0,0,0,0,0,0,0,0,0,0,0,0
93.0,87.976553,87.976553,87.976553,87.976553,87.976553,87.976553,87.976553,87.976553,87.976553,87.976553,87.976553,87.976553,87.976553,87.976553,87.976553,87.976553,87.976553,87.976553,87.976553,127.0,118.798189,118.798189,118.798189,118.798189,118.798189,118.798189,118.798189,118.798189,118.798189,118.798189,118.798189,118.798189,118.798189,118.798189,118.798189,118.798189,118.798189,118.798189,118.798189,0,0,0,0,0,0,0,0,0,0,0,0,0,0,0,0,0,0,0,0,10,10,10,10,10,10,10,10,10,10,10,10,10,10,10,10,10,10,10,10,0,0,0,0,0,0,0,0,0,0,0,0,0,0,0,0,0,0,0,0
6.751839,4.032715,8.189537,19.979225,4.138907,4.138907,4.138907,4.138907,4.138907,4.138907,4.138907,4.138907,4.138907,4.138907,4.138907,4.138907,4.138907,4.138907,4.138907,4.138907,27.761322,36.674036,31.854559,39.813916,67.00308,67.00308,67.00308,67.00308,67.00308,67.00308,67.00308,67.00308,67.00308,67.00308,67.00308,67.00308,67.00308,67.00308,67.00308,67.00308,0,0,0,0,0,0,0,0,0,0,0,0,0,0,0,0,0,0,0,0,10,10,10,10,10,10,10,10,10,10,10,10,10,10,10,10,10,10,10,10,0,0,0,0,0,0,0,0,0,0,0,0,0,0,0,0,0,0,0,0
0.0,0.0,0.0,0.0,0.0,0.0,0.0,0.0,0.0,0.0,0.0,0.0,0.0,0.0,0.0,0.0,0.0,0.0,0.0,0.0,105.0,98.0,98.0,98.0,98.0,98.0,98.0,98.0,98.0,98.0,98.0,98.0,98.0,98.0,98.0,98.0,98.0,98.0,98.0,98.0,0,0,0,0,0,0,0,0,0,0,0,0,0,0,0,0,0,0,0,0,10,10,10,10,10,10,10,10,10,10,10,10,10,10,10,10,10,10,10,10,0,0,0,0,0,0,0,0,0,0,0,0,0,0,0,0,0,0,0,0
27.027294,19.73463,25.026623,20.732859,8.201272,13.068515,8.746491,9.661875,13.829068,10.880659,29.834814,30.235813,24.244509,29.78862,37.191544,23.215951,35.276376,35.276376,35.276376,35.276376,113.69695,103.669673,94.152331,93.250337,98.831402,91.941986,102.210702,91.875402,90.327813,105.987277,93.687363,105.884017,106.525728,114.146245,114.037835,113.133514,109.990409,109.990409,109.990409,109.990409,0,0,0,0,0,0,0,0,0,0,0,0,0,0,0,0,0,0,0,0,10,10,10,10,10,10,10,10,10,10,10,10,10,10,10,10,10,10,10,10,0,0,0,0,0,0,0,0,0,0,0,0,0,0,0,0,0,0,0,0
45.685812,37.19783,33.020077,33.020077,33.020077,33.020077,33.020077,33.020077,33.020077,33.020077,33.020077,33.020077,33.020077,33.020077,33.020077,33.020077,33.020077,33.020077,33.020077,33.020077,33.023458,36.2598,46.128295,46.128295,46.128295,46.128295,46.128295,46.128295,46.128295,46.128295,46.128295,46.128295,46.128295,46.128295,46.128295,46.128295,46.128295,46.128295,46.128295,46.128295,0,0,0,0,0,0,0,0,0,0,0,0,0,0,0,0,0,0,0,0,10,10,10,10,10,10,10,10,10,10,10,10,10,10,10,10,10,10,10,10,0,0,0,0,0,0,0,0,0,0,0,0,0,0,0,0,0,0,0,0
16.698997,5.313764,0.0,7.861907,0.0,4.611044,7.891593,4.960194,4.960194,4.960194,4.960194,4.960194,4.960194,4.960194,4.960194,4.960194,4.960194,4.960194,4.960194,4.960194,70.990834,78.282502,71.0,77.28729,85.0,73.139706,69.303304,66.903905,66.903905,66.903905,66.903905,66.903905,66.903905,66.903905,66.903905,66.903905,66.903905,66.903905,66.903905,66.903905,0,0,0,0,0,0,0,0,0,0,0,0,0,0,0,0,0,0,0,0,10,10,10,10,10,10,10,10,10,10,10,10,10,10,10,10,10,10,10,10,0,0,0,0,0,0,0,0,0,0,0,0,0,0,0,0,0,0,0,0
88.872017,84.466685,80.800121,76.069095,80.989416,72.233898,73.559675,73.559675,73.559675,73.559675,73.559675,73.559675,73.559675,73.559675,73.559675,73.559675,73.559675,73.559675,73.559675,73.559675,103.866749,95.866107,98.402387,86.266545,78.268377,76.189349,72.525382,72.525382,72.525382,72.525382,72.525382,72.525382,72.525382,72.525382,72.525382,72.525382,72.525382,72.525382,72.525382,72.525382,0,0,0,0,0,0,0,0,0,0,0,0,0,0,0,0,0,0,0,0,10,10,10,10,10,10,10,10,10,10,10,10,10,10,10,10,10,10,10,10,0,0,0,0,0,0,0,0,0,0,0,0,0,0,0,0,0,0,0,0
82.0,83.96472,83.96472,83.96472,83.96472,83.96472,83.96472,83.96472,83.96472,83.96472,83.96472,83.96472,83.96472,83.96472,83.96472,83.96472,83.96472,83.96472,83.96472,83.96472,0.0,6.911515,6.911515,6.911515,6.911515,6.911515,6.911515,6.911515,6.911515,6.911515,6.911515,6.911515,6.911515,6.911515,6.911515,6.911515,6.911515,6.911515,6.911515,6.911515,0,0,0,0,0,0,0,0,0,0,0,0,0,0,0,0,0,0,0,0,10,10,10,10,10,10,10,10,10,10,10,10,10,10,10,10,10,10,10,10,0,0,0,0,0,0,0,0,0,0,0,0,0,0,0,0,0,0,0,0
60.177738,54.0,54.0,54.0,54.0,54.0,54.0,54.0,54.0,54.0,54.0,54.0,54.0,54.0,54.0,54.0,54.0,54.0,54.0,54.0,122.954002,127.0,127.0,127.0,127.0,127.0,127.0,127.0,127.0,127.0,127.0,127.0,127.0,127.0,127.0,127.0,127.0,127.0,127.0,127.0,0,0,0,0,0,0,0,0,0,0,0,0,0,0,0,0,0,0,0,0,10,10,10,10,10,10,10,10,10,10,10,10,10,10,10,10,10,10,10,10,0,0,0,0,0,0,0,0,0,0,0,0,0,0,0,0,0,0,0,0
36.925493,31.233874,26.187489,23.912804,36.858271,3.912528,12.105304,26.264994,22.667571,22.667571,22.667571,22.667571,22.667571,22.667571,22.667571,22.667571,22.667571,22.667571,22.667571,22.667571,52.878156,53.191347,56.759388,53.645994,76.836901,49.040161,53.630664,59.93755,65.280559,65.280559,65.280559,65.280559,65.280559,65.280559,65.280559,65.280559,65.280559,65.280559,65.280559,65.280559,0,0,0,0,0,0,0,0,0,0,0,0,0,0,0,0,0,0,0,0,10,10,10,10,10,10,10,10,10,10,10,10,10,10,10,10,10,10,10,10,0,0,0,0,0,0,0,0,0,0,0,0,0,0,0,0,0,0,0,0
127.0,124.068845,127.0,127.0,114.78565,120.899154,117.134522,127.0,112.179192,112.179192,112.179192,112.179192,112.179192,112.179192,112.179192,112.179192,112.179192,112.179192,112.179192,112.179192,31.0,19.967845,28.0,36.0,36.466881,25.658883,34.292173,32.0,28.041491,28.041491,28.041491,28.041491,28.041491,28.041491,28.041491,28.041491,28.041491,28.041491,28.041491,28.041491,0,0,0,0,0,0,0,0,0,0,0,0,0,0,0,0,0,0,0,0,10,10,10,10,10,10,10,10,10,10,10,10,10,10,10,10,10,10,10,10,0,0,0,0,0,0,0,0,0,0,0,0,0,0,0,0,0,0,0,0
32.378171,25.924761,26.662472,22.658887,11.001026,7.17955,0.0,0.0,0.0,0.0,0.0,0.0,0.0,0.0,0.0,0.0,0.0,0.0,0.0,0.0,73.101744,79.707303,76.771912,70.470297,65.982513,58.71337,47.0,47.0,47.0,47.0,47.0,47.0,47.0,47.0,47.0,47.0,47.0,47.0,47.0,47.0,0,0,0,0,0,0,0,0,0,0,0,0,0,0,0,0,0,0,0,0,10,10,10,10,10,10,10,10,10,10,10,10,10,10,10,10,10,10,10,10,0,0,0,0,0,0,0,0,0,0,0,0,0,0,0,0,0,0,0,0
27.87129,27.467777,29.056712,29.056712,29.056712,29.056712,29.056712,29.056712,29.056712,29.056712,29.056712,29.056712,29.056712,29.056712,29.056712,29.056712,29.056712,29.056712,29.056712,29.056712,123.06269,121.895591,119.12832,119.12832,119.12832,119.12832,119.12832,119.12832,119.12832,119.12832,119.12832,119.12832,119.12832,119.12832,119.12832,119.12832,119.12832,119.12832,119.12832,119.12832,0,0,0,0,0,0,0,0,0,0,0,0,0,0,0,0,0,0,0,0,10,10,10,10,10,10,10,10,10,10,10,10,10,10,10,10,10,10,10,10,0,0,0,0,0,0,0,0,0,0,0,0,0,0,0,0,0,0,0,0
59.012469,57.491282,57.491282,57.491282,57.491282,57.491282,57.491282,57.491282,57.491282,57.491282,57.491282,57.491282,57.491282,57.491282,57.491282,57.491282,57.491282,57.491282,57.491282,57.491282,119.387036,121.941541,121.941541,121.941541,121.941541,121.941541,121.941541,121.941541,121.941541,121.941541,121.941541,121.941541,121.941541,121.941541,121.941541,121.941541,121.941541,121.941541,121.941541,121.941541,0,0,0,0,0,0,0,0,0,0,0,0,0,0,0,0,0,0,0,0,10,10,10,10,10,10,10,10,10,10,10,10,10,10,10,10,10,10,10,10,0,0,0,0,0,0,0,0,0,0,0,0,0,0,0,0,0,0,0,0
39.812937,28.470578,28.470578,28.470578,28.470578,28.470578,28.470578,28.470578,28.470578,28.470578,28.470578,28.470578,28.470578,28.470578,28.470578,28.470578,28.470578,28.470578,28.470578,28.470578,116.887014,115.696363,115.696363,115.696363,115.696363,115.696363,115.696363,115.696363,115.696363,115.696363,115.696363,115.696363,115.696363,115.696363,115.696363,115.696363,115.696363,115.696363,115.696363,115.696363,0,0,0,0,0,0,0,0,0,0,0,0,0,0,0,0,0,0,0,0,10,10,10,10,10,10,10,10,10,10,10,10,10,10,10,10,10,10,10,10,0,0,0,0,0,0,0,0,0,0,0,0,0,0,0,0,0,0,0,0
68.227411,75.926185,80.791913,91.068811,83.224068,61.760977,51.191424,63.591634,74.924532,59.615096,62.263245,56.818835,63.091606,62.968828,76.350799,76.97742,70.702928,81.926728,89.138397,98.370843,103.292087,105.174804,83.879773,55.691507,63.925194,73.698794,65.047631,62.004058,74.535032,72.710342,58.104123,46.131855,55.343491,45.957973,48.272305,52.26035,50.02969,47.075414,39.92371,40.606516,43.347113,38.093705,44.116464,43.626561,40.440182,31.58389,0,0,0,0,0,0,0,0,0,0,0,0,0,0,0,0,0,0,0,0,0,0,0,10,10,10,10,10,10,10,10,10,10,10,10,10,10,10,10,10,10,10,10,10,10,10,0,0,0,0,0,0,0,0,0,0,0,0,0,0,0,0,0,0,0,0,0,0,0
37.180876,25.124448,37.871874,29.544242,32.663356,30.496934,30.496934,30.496934,30.496934,30.496934,30.496934,30.496934,30.496934,30.496934,30.496934,30.496934,30.496934,30.496934,30.496934,30.496934,6.002482,7.526499,14.018419,21.276027,14.651731,17.898274,17.898274,17.898274,17.898274,17.898274,17.898274,17.898274,17.898274,17.898274,17.898274,17.898274,17.898274,17.898274,17.898274,17.898274,0,0,0,0,0,0,0,0,0,0,0,0,0,0,0,0,0,0,0,0,10,10,10,10,10,10,10,10,10,10,10,10,10,10,10,10,10,10,10,10,0,0,0,0,0,0,0,0,0,0,0,0,0,0,0,0,0,0,0,0
5.826554,10.750865,10.751831,20.03656,24.278351,23.691939,16.195468,15.515837,19.022244,17.392232,17.392232,17.392232,17.392232,17.392232,17.392232,17.392232,17.392232,17.392232,17.392232,17.392232,34.952963,34.189041,25.967629,27.039217,38.26128,34.928023,22.802484,22.38193,34.713629,37.427324,37.427324,37.427324,37.427324,37.427324,37.427324,37.427324,37.427324,37.427324,37.427324,37.427324,0,0,0,0,0,0,0,0,0,0,0,0,0,0,0,0,0,0,0,0,10,10,10,10,10,10,10,10,10,10,10,10,10,10,10,10,10,10,10,10,0,0,0,0,0,0,0,0,0,0,0,0,0,0,0,0,0,0,0,0
51.216345,39.926619,41.149767,41.86787,37.022648,28.717412,39.319836,43.829088,36.755038,36.755038,36.755038,36.755038,36.755038,36.755038,36.755038,36.755038,36.755038,36.755038,36.755038,36.755038,12.226167,8.769821,14.970662,10.215813,11.321564,9.165839,6.408858,3.603101,11.068195,11.068195,11.068195,11.068195,11.068195,11.068195,11.068195,11.068195,11.068195,11.068195,11.068195,11.068195,0,0,0,0,0,0,0,0,0,0,0,0,0,0,0,0,0,0,0,0,10,10,10,10,10,10,10,10,10,10,10,10,10,10,10,10,10,10,10,10,0,0,0,0,0,0,0,0,0,0,0,0,0,0,0,0,0,0,0,0
61.207405,50.928658,50.928658,50.928658,50.928658,50.928658,50.928658,50.928658,50.928658,50.928658,50.928658,50.928658,50.928658,50.928658,50.928658,50.928658,50.928658,50.928658,50.928658,50.928658,9.921475,2.965518,2.965518,2.965518,2.965518,2.965518,2.965518,2.965518,2.965518,2.965518,2.965518,2.965518,2.965518,2.965518,2.965518,2.965518,2.965518,2.965518,2.965518,2.965518,0,0,0,0,0,0,0,0,0,0,0,0,0,0,0,0,0,0,0,0,10,10,10,10,10,10,10,10,10,10,10,10,10,10,10,10,10,10,10,10,0,0,0,0,0,0,0,0,0,0,0,0,0,0,0,0,0,0,0,0
57.685826,62.764706,56.190104,52.014411,61.145256,56.071902,56.071902,56.071902,56.071902,56.071902,56.071902,56.071902,56.071902,56.071902,56.071902,56.071902,56.071902,56.071902,56.071902,56.071902,88.172783,89.940298,92.709191,82.686326,86.788725,77.794557,77.794557,77.794557,77.794557,77.794557,77.794557,77.794557,77.794557,77.794557,77.794557,77.794557,77.794557,77.794557,77.794557,77.794557,0,0,0,0,0,0,0,0,0,0,0,0,0,0,0,0,0,0,0,0,10,10,10,10,10,10,10,10,10,10,10,10,10,10,10,10,10,10,10,10,0,0,0,0,0,0,0,0,0,0,0,0,0,0,0,0,0,0,0,0
118.906148,123.234967,123.234967,123.234967,123.234967,123.234967,123.234967,123.234967,123.234967,123.234967,123.234967,123.234967,123.234967,123.234967,123.234967,123.234967,123.234967,123.234967,123.234967,123.234967,66.261092,70.290052,70.290052,70.290052,70.290052,70.290052,70.290052,70.290052,70.290052,70.290052,70.290052,70.290052,70.290052,70.290052,70.290052,70.290052,70.290052,70.290052,70.290052,70.290052,0,0,0,0,0,0,0,0,0,0,0,0,0,0,0,0,0,0,0,0,10,10,10,10,10,10,10,10,10,10,10,10,10,10,10,10,10,10,10,10,0,0,0,0,0,0,0,0,0,0,0,0,0,0,0,0,0,0,0,0
92.831605,98.036675,103.853317,103.853317,103.853317,103.853317,103.853317,103.853317,103.853317,103.853317,103.853317,103.853317,103.853317,103.853317,103.853317,103.853317,103.853317,103.853317,103.853317,103.853317,115.172109,107.948207,107.228531,107.228531,107.228531,107.228531,107.228531,107.228531,107.228531,107.228531,107.228531,107.228531,107.228531,107.228531,107.228531,107.228531,107.228531,107.228531,107.228531,107.228531,0,0,0,0,0,0,0,0,0,0,0,0,0,0,0,0,0,0,0,0,10,10,10,10,10,10,10,10,10,10,10,10,10,10,10,10,10,10,10,10,0,0,0,0,0,0,0,0,0,0,0,0,0,0,0,0,0,0,0,0
16.0,14.12645,14.12645,14.12645,14.12645,14.12645,14.12645,14.12645,14.12645,14.12645,14.12645,14.12645,14.12645,14.12645,14.12645,14.12645,14.12645,14.12645,14.12645,14.12645,127.0,121.436729,121.436729,121.436729,121.436729,121.436729,121.436729,121.436729,121.436729,121.436729,121.436729,121.436729,121.436729,121.436729,121.436729,121.436729,121.436729,121.436729,121.436729,121.436729,0,0,0,0,0,0,0,0,0,0,0,0,0,0,0,0,0,0,0,0,10,10,10,10,10,10,10,10,10,10,10,10,10,10,10,10,10,10,10,10,0,0,0,0,0,0,0,0,0,0,0,0,0,0,0,0,0,0,0,0
127.0,120.993067,123.66659,109.226312,117.837199,117.837199,117.837199,117.837199,117.837199,117.837199,117.837199,117.837199,117.837199,117.837199,117.837199,117.837199,117.837199,117.837199,117.837199,117.837199,6.0,17.570084,10.900247,13.171176,9.943698,9.943698,9.943698,9.943698,9.943698,9.943698,9.943698,9.943698,9.943698,9.943698,9.943698,9.943698,9.943698,9.943698,9.943698,9.943698,0,0,0,0,0,0,0,0,0,0,0,0,0,0,0,0,0,0,0,0,10,10,10,10,10,10,10,10,10,10,10,10,10,10,10,10,10,10,10,10,0,0,0,0,0,0,0,0,0,0,0,0,0,0,0,0,0,0,0,0
38.17726,36.915572,36.915572,36.915572,36.915572,36.915572,36.915572,36.915572,36.915572,36.915572,36.915572,36.915572,36.915572,36.915572,36.915572,36.915572,36.915572,36.915572,36.915572,36.915572,81.79473,87.911955,87.911955,87.911955,87.911955,87.911955,87.911955,87.911955,87.911955,87.911955,87.911955,87.911955,87.911955,87.911955,87.911955,87.911955,87.911955,87.911955,87.911955,87.911955,0,0,0,0,0,0,0,0,0,0,0,0,0,0,0,0,0,0,0,0,10,10,10,10,10,10,10,10,10,10,10,10,10,10,10,10,10,10,10,10,0,0,0,0,0,0,0,0,0,0,0,0,0,0,0,0,0,0,0,0
33.36673,33.770371,28.965907,36.502021,32.087548,28.919411,28.919411,28.919411,28.919411,28.919411,28.919411,28.919411,28.919411,28.919411,28.919411,28.919411,28.919411,28.919411,28.919411,28.919411,101.82051,103.881152,111.030549,106.910414,111.645885,124.646396,124.646396,124.646396,124.646396,124.646396,124.646396,124.646396,124.646396,124.646396,124.646396,124.646396,124.646396,124.646396,124.646396,124.646396,0,0,0,0,0,0,0,0,0,0,0,0,0,0,0,0,0,0,0,0,10,10,10,10,10,10,10,10,10,10,10,10,10,10,10,10,10,10,10,10,0,0,0,0,0,0,0,0,0,0,0,0,0,0,0,0,0,0,0,0
87.143319,83.018606,83.018606,83.018606,83.018606,83.018606,83.018606,83.018606,83.018606,83.018606,83.018606,83.018606,83.018606,83.018606,83.018606,83.018606,83.018606,83.018606,83.018606,83.018606,100.047521,96.135476,96.135476,96.135476,96.135476,96.135476,96.135476,96.135476,96.135476,96.135476,96.135476,96.135476,96.135476,96.135476,96.135476,96.135476,96.135476,96.135476,96.135476,96.135476,0,0,0,0,0,0,0,0,0,0,0,0,0,0,0,0,0,0,0,0,10,10,10,10,10,10,10,10,10,10,10,10,10,10,10,10,10,10,10,10,0,0,0,0,0,0,0,0,0,0,0,0,0,0,0,0,0,0,0,0
68.720801,71.264373,71.264373,71.264373,71.264373,71.264373,71.264373,71.264373,71.264373,71.264373,71.264373,71.264373,71.264373,71.264373,71.264373,71.264373,71.264373,71.264373,71.264373,71.264373,45.143756,45.77966,45.77966,45.77966,45.77966,45.77966,45.77966,45.77966,45.77966,45.77966,45.77966,45.77966,45.77966,45.77966,45.77966,45.77966,45.77966,45.77966,45.77966,45.77966,0,0,0,0,0,0,0,0,0,0,0,0,0,0,0,0,0,0,0,0,10,10,10,10,10,10,10,10,10,10,10,10,10,10,10,10,10,10,10,10,0,0,0,0,0,0,0,0,0,0,0,0,0,0,0,0,0,0,0,0
127.0,114.992237,106.375585,107.952483,112.416281,113.823521,108.576569,120.998066,100.748098,97.046798,98.186148,87.096927,87.096927,87.096927,87.096927,87.096927,87.096927,87.096927,87.096927,87.096927,106.0,114.163899,118.201109,111.981168,107.221867,105.909681,119.928645,95.023273,114.907302,116.571849,111.949493,104.583551,104.583551,104.583551,104.583551,104.583551,104.583551,104.583551,104.583551,104.583551,0,0,0,0,0,0,0,0,0,0,0,0,0,0,0,0,0,0,0,0,10,10,10,10,10,10,10,10,10,10,10,10,10,10,10,10,10,10,10,10,0,0,0,0,0,0,0,0,0,0,0,0,0,0,0,0,0,0,0,0
45.017649,52.01972,37.842745,37.842745,37.842745,37.842745,37.842745,37.842745,37.842745,37.842745,37.842745,37.842745,37.842745,37.842745,37.842745,37.842745,37.842745,37.842745,37.842745,37.842745,124.750417,118.064283,122.20571,122.20571,122.20571,122.20571,122.20571,122.20571,122.20571,122.20571,122.20571,122.20571,122.20571,122.20571,122.20571,122.20571,122.20571,122.20571,122.20571,122.20571,0,0,0,0,0,0,0,0,0,0,0,0,0,0,0,0,0,0,0,0,10,10,10,10,10,10,10,10,10,10,10,10,10,10,10,10,10,10,10,10,0,0,0,0,0,0,0,0,0,0,0,0,0,0,0,0,0,0,0,0
0.708098,0.0,0.0,0.0,0.0,0.0,0.0,0.0,0.0,0.0,0.0,0.0,0.0,0.0,0.0,0.0,0.0,0.0,0.0,0.0,110.93307,117.0,117.0,117.0,117.0,117.0,117.0,117.0,117.0,117.0,117.0,117.0,117.0,117.0,117.0,117.0,117.0,117.0,117.0,117.0,0,0,0,0,0,0,0,0,0,0,0,0,0,0,0,0,0,0,0,0,10,10,10,10,10,10,10,10,10,10,10,10,10,10,10,10,10,10,10,10,0,0,0,0,0,0,0,0,0,0,0,0,0,0,0,0,0,0,0,0
64.947636,68.797734,74.702623,78.86065,87.909746,87.071337,80.704146,80.704146,80.704146,80.704146,80.704146,80.704146,80.704146,80.704146,80.704146,80.704146,80.704146,80.704146,80.704146,80.704146,79.159227,76.117074,84.640903,78.560675,72.897632,64.533586,70.121954,70.121954,70.121954,70.121954,70.121954,70.121954,70.121954,70.121954,70.121954,70.121954,70.121954,70.121954,70.121954,70.121954,0,0,0,0,0,0,0,0,0,0,0,0,0,0,0,0,0,0,0,0,10,10,10,10,10,10,10,10,10,10,10,10,10,10,10,10,10,10,10,10,0,0,0,0,0,0,0,0,0,0,0,0,0,0,0,0,0,0,0,0
54.468849,40.504754,41.116853,32.746434,29.082205,29.142931,29.142931,29.142931,29.142931,29.142931,29.142931,29.142931,29.142931,29.142931,29.142931,29.142931,29.142931,29.142931,29.142931,29.142931,55.196634,52.989153,41.753478,41.21361,36.542135,40.218992,40.218992,40.218992,40.218992,40.218992,40.218992,40.218992,40.218992,40.218992,40.218992,40.218992,40.218992,40.218992,40.218992,40.218992,0,0,0,0,0,0,0,0,0,0,0,0,0,0,0,0,0,0,0,0,10,10,10,10,10,10,10,10,10,10,10,10,10,10,10,10,10,10,10,10,0,0,0,0,0,0,0,0,0,0,0,0,0,0,0,0,0,0,0,0
37.34199,31.702995,40.150574,40.679053,31.312361,28.261678,33.418306,39.139886,35.130759,41.082876,41.082876,41.082876,41.082876,41.082876,41.082876,41.082876,41.082876,41.082876,41.082876,41.082876,58.985216,63.042601,60.168652,66.28468,62.591464,60.266675,67.671963,66.434227,68.131553,76.898754,76.898754,76.898754,76.898754,76.898754,76.898754,76.898754,76.898754,76.898754,76.898754,76.898754,0,0,0,0,0,0,0,0,0,0,0,0,0,0,0,0,0,0,0,0,10,10,10,10,10,10,10,10,10,10,10,10,10,10,10,10,10,10,10,10,0,0,0,0,0,0,0,0,0,0,0,0,0,0,0,0,0,0,0,0
7.997195,8.957714,8.957714,8.957714,8.957714,8.957714,8.957714,8.957714,8.957714,8.957714,8.957714,8.957714,8.957714,8.957714,8.957714,8.957714,8.957714,8.957714,8.957714,8.957714,4.716763,2.633371,2.633371,2.633371,2.633371,2.633371,2.633371,2.633371,2.633371,2.633371,2.633371,2.633371,2.633371,2.633371,2.633371,2.633371,2.633371,2.633371,2.633371,2.633371,0,0,0,0,0,0,0,0,0,0,0,0,0,0,0,0,0,0,0,0,10,10,10,10,10,10,10,10,10,10,10,10,10,10,10,10,10,10,10,10,0,0,0,0,0,0,0,0,0,0,0,0,0,0,0,0,0,0,0,0
81.0,76.926579,67.275551,67.275551,67.275551,67.275551,67.275551,67.275551,67.275551,67.275551,67.275551,67.275551,67.275551,67.275551,67.275551,67.275551,67.275551,67.275551,67.275551,67.275551,127.0,114.09566,108.75807,108.75807,108.75807,108.75807,108.75807,108.75807,108.75807,108.75807,108.75807,108.75807,108.75807,108.75807,108.75807,108.75807,108.75807,108.75807,108.75807,108.75807,0,0,0,0,0,0,0,0,0,0,0,0,0,0,0,0,0,0,0,0,10,10,10,10,10,10,10,10,10,10,10,10,10,10,10,10,10,10,10,10,0,0,0,0,0,0,0,0,0,0,0,0,0,0,0,0,0,0,0,0
55.329407,42.0,42.0,42.0,42.0,42.0,42.0,42.0,42.0,42.0,42.0,42.0,42.0,42.0,42.0,42.0,42.0,42.0,42.0,42.0,124.866617,127.0,127.0,127.0,127.0,127.0,127.0,127.0,127.0,127.0,127.0,127.0,127.0,127.0,127.0,127.0,127.0,127.0,127.0,127.0,0,0,0,0,0,0,0,0,0,0,0,0,0,0,0,0,0,0,0,0,10,10,10,10,10,10,10,10,10,10,10,10,10,10,10,10,10,10,10,10,0,0,0,0,0,0,0,0,0,0,0,0,0,0,0,0,0,0,0,0
50.905921,38.861234,50.472939,52.855299,44.900227,47.868171,47.868171,47.868171,47.868171,47.868171,47.868171,47.868171,47.868171,47.868171,47.868171,47.868171,47.868171,47.868171,47.868171,47.868171,102.144317,105.508939,101.585615,92.662754,89.127205,75.661776,75.661776,75.661776,75.661776,75.661776,75.661776,75.661776,75.661776,75.661776,75.661776,75.661776,75.661776,75.661776,75.661776,75.661776,0,0,0,0,0,0,0,0,0,0,0,0,0,0,0,0,0,0,0,0,10,10,10,10,10,10,10,10,10,10,10,10,10,10,10,10,10,10,10,10,0,0,0,0,0,0,0,0,0,0,0,0,0,0,0,0,0,0,0,0
0.0,2.0912,4.21628,4.21628,4.21628,4.21628,4.21628,4.21628,4.21628,4.21628,4.21628,4.21628,4.21628,4.21628,4.21628,4.21628,4.21628,4.21628,4.21628,4.21628,26.0,36.915209,43.894152,43.894152,43.894152,43.894152,43.894152,43.894152,43.894152,43.894152,43.894152,43.894152,43.894152,43.894152,43.894152,43.894152,43.894152,43.894152,43.894152,43.894152,0,0,0,0,0,0,0,0,0,0,0,0,0,0,0,0,0,0,0,0,10,10,10,10,10,10,10,10,10,10,10,10,10,10,10,10,10,10,10,10,0,0,0,0,0,0,0,0,0,0,0,0,0,0,0,0,0,0,0,0
61.0,57.859685,66.980314,49.0,43.845187,56.071752,50.267286,56.458306,63.146768,55.809355,52.517441,79.75851,84.85174,55.403862,65.266618,65.266618,65.266618,65.266618,65.266618,65.266618,127.0,125.117361,119.657764,127.0,123.127595,116.94861,113.415187,117.296101,119.776144,114.678126,112.232303,106.167513,95.167489,109.025226,108.634891,108.634891,108.634891,108.634891,108.634891,108.634891,0,0,0,0,0,0,0,0,0,0,0,0,0,0,0,0,0,0,0,0,10,10,10,10,10,10,10,10,10,10,10,10,10,10,10,10,10,10,10,10,0,0,0,0,0,0,0,0,0,0,0,0,0,0,0,0,0,0,0,0
9.895994,7.171068,3.315357,3.992587,13.87476,13.87476,13.87476,13.87476,13.87476,13.87476,13.87476,13.87476,13.87476,13.87476,13.87476,13.87476,13.87476,13.87476,13.87476,13.87476,74.013295,77.924409,65.05739,55.876644,47.363275,47.363275,47.363275,47.363275,47.363275,47.363275,47.363275,47.363275,47.363275,47.363275,47.363275,47.363275,47.363275,47.363275,47.363275,47.363275,0,0,0,0,0,0,0,0,0,0,0,0,0,0,0,0,0,0,0,0,10,10,10,10,10,10,10,10,10,10,10,10,10,10,10,10,10,10,10,10,0,0,0,0,0,0,0,0,0,0,0,0,0,0,0,0,0,0,0,0
30.183117,24.284424,19.112219,16.065928,16.065928,16.065928,16.065928,16.065928,16.065928,16.065928,16.065928,16.065928,16.065928,16.065928,16.065928,16.065928,16.065928,16.065928,16.065928,16.065928,49.449338,44.771236,42.915988,44.865206,44.865206,44.865206,44.865206,44.865206,44.865206,44.865206,44.865206,44.865206,44.865206,44.865206,44.865206,44.865206,44.865206,44.865206,44.865206,44.865206,0,0,0,0,0,0,0,0,0,0,0,0,0,0,0,0,0,0,0,0,10,10,10,10,10,10,10,10,10,10,10,10,10,10,10,10,10,10,10,10,0,0,0,0,0,0,0,0,0,0,0,0,0,0,0,0,0,0,0,0
127.0,120.244562,118.078343,118.078343,118.078343,118.078343,118.078343,118.078343,118.078343,118.078343,118.078343,118.078343,118.078343,118.078343,118.078343,118.078343,118.078343,118.078343,118.078343,118.078343,110.0,116.898172,104.768685,104.768685,104.768685,104.768685,104.768685,104.768685,104.768685,104.768685,104.768685,104.768685,104.768685,104.768685,104.768685,104.768685,104.768685,104.768685,104.768685,104.768685,0,0,0,0,0,0,0,0,0,0,0,0,0,0,0,0,0,0,0,0,10,10,10,10,10,10,10,10,10,10,10,10,10,10,10,10,10,10,10,10,0,0,0,0,0,0,0,0,0,0,0,0,0,0,0,0,0,0,0,0
4.896979,4.041069,0.0,14.268089,2.448642,2.448642,2.448642,2.448642,2.448642,2.448642,2.448642,2.448642,2.448642,2.448642,2.448642,2.448642,2.448642,2.448642,2.448642,2.448642,77.942017,82.635544,80.0,76.610872,71.835543,71.835543,71.835543,71.835543,71.835543,71.835543,71.835543,71.835543,71.835543,71.835543,71.835543,71.835543,71.835543,71.835543,71.835543,71.835543,0,0,0,0,0,0,0,0,0,0,0,0,0,0,0,0,0,0,0,0,10,10,10,10,10,10,10,10,10,10,10,10,10,10,10,10,10,10,10,10,0,0,0,0,0,0,0,0,0,0,0,0,0,0,0,0,0,0,0,0
58.019713,49.697474,53.751023,53.751023,53.751023,53.751023,53.751023,53.751023,53.751023,53.751023,53.751023,53.751023,53.751023,53.751023,53.751023,53.751023,53.751023,53.751023,53.751023,53.751023,119.012658,109.630653,99.994258,99.994258,99.994258,99.994258,99.994258,99.994258,99.994258,99.994258,99.994258,99.994258,99.994258,99.994258,99.994258,99.994258,99.994258,99.994258,99.994258,99.994258,0,0,0,0,0,0,0,0,0,0,0,0,0,0,0,0,0,0,0,0,10,10,10,10,10,10,10,10,10,10,10,10,10,10,10,10,10,10,10,10,0,0,0,0,0,0,0,0,0,0,0,0,0,0,0,0,0,0,0,0
92.58412,93.192526,87.056945,87.056945,87.056945,87.056945,87.056945,87.056945,87.056945,87.056945,87.056945,87.056945,87.056945,87.056945,87.056945,87.056945,87.056945,87.056945,87.056945,87.056945,117.84999,116.334701,124.030574,124.030574,124.030574,124.030574,124.030574,124.030574,124.030574,124.030574,124.030574,124.030574,124.030574,124.030574,124.030574,124.030574,124.030574,124.030574,124.030574,124.030574,0,0,0,0,0,0,0,0,0,0,0,0,0,0,0,0,0,0,0,0,10,10,10,10,10,10,10,10,10,10,10,10,10,10,10,10,10,10,10,10,0,0,0,0,0,0,0,0,0,0,0,0,0,0,0,0,0,0,0,0
25.5621,22.679564,13.582135,27.060891,33.428702,33.428702,33.428702,33.428702,33.428702,33.428702,33.428702,33.428702,33.428702,33.428702,33.428702,33.428702,33.428702,33.428702,33.428702,33.428702,81.140546,86.211968,83.82608,79.462809,78.913769,78.913769,78.913769,78.913769,78.913769,78.913769,78.913769,78.913769,78.913769,78.913769,78.913769,78.913769,78.913769,78.913769,78.913769,78.913769,0,0,0,0,0,0,0,0,0,0,0,0,0,0,0,0,0,0,0,0,10,10,10,10,10,10,10,10,10,10,10,10,10,10,10,10,10,10,10,10,0,0,0,0,0,0,0,0,0,0,0,0,0,0,0,0,0,0,0,0
93.006583,89.158812,89.158812,89.158812,89.158812,89.158812,89.158812,89.158812,89.158812,89.158812,89.158812,89.158812,89.158812,89.158812,89.158812,89.158812,89.158812,89.158812,89.158812,89.158812,112.240848,109.895725,109.895725,109.895725,109.895725,109.895725,109.895725,109.895725,109.895725,109.895725,109.895725,109.895725,109.895725,109.895725,109.895725,109.895725,109.895725,109.895725,109.895725,109.895725,0,0,0,0,0,0,0,0,0,0,0,0,0,0,0,0,0,0,0,0,10,10,10,10,10,10,10,10,10,10,10,10,10,10,10,10,10,10,10,10,0,0,0,0,0,0,0,0,0,0,0,0,0,0,0,0,0,0,0,0
108.830919,100.717434,89.081989,89.081989,89.081989,89.081989,89.081989,89.081989,89.081989,89.081989,89.081989,89.081989,89.081989,89.081989,89.081989,89.081989,89.081989,89.081989,89.081989,89.081989,93.143693,93.891558,100.900765,100.900765,100.900765,100.900765,100.900765,100.900765,100.900765,100.900765,100.900765,100.900765,100.900765,100.900765,100.900765,100.900765,100.900765,100.900765,100.900765,100.900765,0,0,0,0,0,0,0,0,0,0,0,0,0,0,0,0,0,0,0,0,10,10,10,10,10,10,10,10,10,10,10,10,10,10,10,10,10,10,10,10,0,0,0,0,0,0,0,0,0,0,0,0,0,0,0,0,0,0,0,0
61.107594,53.345497,53.345497,53.345497,53.345497,53.345497,53.345497,53.345497,53.345497,53.345497,53.345497,53.345497,53.345497,53.345497,53.345497,53.345497,53.345497,53.345497,53.345497,53.345497,63.176524,55.429472,55.429472,55.429472,55.429472,55.429472,55.429472,55.429472,55.429472,55.429472,55.429472,55.429472,55.429472,55.429472,55.429472,55.429472,55.429472,55.429472,55.429472,55.429472,0,0,0,0,0,0,0,0,0,0,0,0,0,0,0,0,0,0,0,0,10,10,10,10,10,10,10,10,10,10,10,10,10,10,10,10,10,10,10,10,0,0,0,0,0,0,0,0,0,0,0,0,0,0,0,0,0,0,0,0
52.420331,59.134921,65.005836,67.72008,57.738306,54.101827,49.977956,50.914725,50.316662,51.916764,53.427738,49.711006,58.14691,66.131841,68.30449,67.935449,61.04838,53.001104,63.925128,65.13278,56.958679,67.540211,72.614853,61.162082,74.207765,75.059384,78.073916,72.267167,75.379097,73.107616,74.395384,61.793288,67.62717,68.301756,73.1677,72.621396,79.503137,75.809156,78.269188,84.089408,86.124547,50.172169,62.771207,56.268052,50.303692,69.618381,66.403305,48.581037,52.637207,59.232389,0,0,0,0,0,0,0,0,0,0,0,0,0,0,0,0,0,0,0,0,0,0,0,0,0,10,10,10,10,10,10,10,10,10,10,10,10,10,10,10,10,10,10,10,10,10,10,10,10,10,0,0,0,0,0,0,0,0,0,0,0,0,0,0,0,0,0,0,0,0,0,0,0,0,0
47.245245,41.131169,44.267421,38.761115,41.227638,41.227638,41.227638,41.227638,41.227638,41.227638,41.227638,41.227638,41.227638,41.227638,41.227638,41.227638,41.227638,41.227638,41.227638,41.227638,62.492198,61.946866,65.720518,58.523424,48.836314,48.836314,48.836314,48.836314,48.836314,48.836314,48.836314,48.836314,48.836314,48.836314,48.836314,48.836314,48.836314,48.836314,48.836314,48.836314,0,0,0,0,0,0,0,0,0,0,0,0,0,0,0,0,0,0,0,0,10,10,10,10,10,10,10,10,10,10,10,10,10,10,10,10,10,10,10,10,0,0,0,0,0,0,0,0,0,0,0,0,0,0,0,0,0,0,0,0
122.191672,127.0,116.084599,112.267893,112.267893,112.267893,112.267893,112.267893,112.267893,112.267893,112.267893,112.267893,112.267893,112.267893,112.267893,112.267893,112.267893,112.267893,112.267893,112.267893,71.128669,73.0,70.62427,62.019815,62.019815,62.019815,62.019815,62.019815,62.019815,62.019815,62.019815,62.019815,62.019815,62.019815,62.019815,62.019815,62.019815,62.019815,62.019815,62.019815,0,0,0,0,0,0,0,0,0,0,0,0,0,0,0,0,0,0,0,0,10,10,10,10,10,10,10,10,10,10,10,10,10,10,10,10,10,10,10,10,0,0,0,0,0,0,0,0,0,0,0,0,0,0,0,0,0,0,0,0
49.895975,51.001097,62.063261,62.063261,62.063261,62.063261,62.063261,62.063261,62.063261,62.063261,62.063261,62.063261,62.063261,62.063261,62.063261,62.063261,62.063261,62.063261,62.063261,62.063261,13.047969,20.146877,15.633343,15.633343,15.633343,15.633343,15.633343,15.633343,15.633343,15.633343,15.633343,15.633343,15.633343,15.633343,15.633343,15.633343,15.633343,15.633343,15.633343,15.633343,0,0,0,0,0,0,0,0,0,0,0,0,0,0,0,0,0,0,0,0,10,10,10,10,10,10,10,10,10,10,10,10,10,10,10,10,10,10,10,10,0,0,0,0,0,0,0,0,0,0,0,0,0,0,0,0,0,0,0,0
112.66362,121.759952,116.005542,123.986949,123.986949,123.986949,123.986949,123.986949,123.986949,123.986949,123.986949,123.986949,123.986949,123.986949,123.986949,123.986949,123.986949,123.986949,123.986949,123.986949,108.207221,118.635612,117.060455,124.181323,124.181323,124.181323,124.181323,124.181323,124.181323,124.181323,124.181323,124.181323,124.181323,124.181323,124.181323,124.181323,124.181323,124.181323,124.181323,124.181323,0,0,0,0,0,0,0,0,0,0,0,0,0,0,0,0,0,0,0,0,10,10,10,10,10,10,10,10,10,10,10,10,10,10,10,10,10,10,10,10,0,0,0,0,0,0,0,0,0,0,0,0,0,0,0,0,0,0,0,0
123.0,127.0,127.0,127.0,127.0,127.0,127.0,127.0,127.0,127.0,127.0,127.0,127.0,127.0,127.0,127.0,127.0,127.0,127.0,127.0,0.0,4.0,4.0,4.0,4.0,4.0,4.0,4.0,4.0,4.0,4.0,4.0,4.0,4.0,4.0,4.0,4.0,4.0,4.0,4.0,0,0,0,0,0,0,0,0,0,0,0,0,0,0,0,0,0,0,0,0,10,10,10,10,10,10,10,10,10,10,10,10,10,10,10,10,10,10,10,10,0,0,0,0,0,0,0,0,0,0,0,0,0,0,0,0,0,0,0,0
0.0,0.0,0.0,0.0,0.0,0.0,0.0,0.0,0.0,0.0,0.0,0.0,0.0,0.0,0.0,0.0,0.0,0.0,0.0,0.0,119.0,110.0,109.0,109.0,109.0,109.0,109.0,109.0,109.0,109.0,109.0,109.0,109.0,109.0,109.0,109.0,109.0,109.0,109.0,109.0,0,0,0,0,0,0,0,0,0,0,0,0,0,0,0,0,0,0,0,0,10,10,10,10,10,10,10,10,10,10,10,10,10,10,10,10,10,10,10,10,0,0,0,0,0,0,0,0,0,0,0,0,0,0,0,0,0,0,0,0
56.299726,54.164937,54.164937,54.164937,54.164937,54.164937,54.164937,54.164937,54.164937,54.164937,54.164937,54.164937,54.164937,54.164937,54.164937,54.164937,54.164937,54.164937,54.164937,54.164937,104.388086,105.183888,105.183888,105.183888,105.183888,105.183888,105.183888,105.183888,105.183888,105.183888,105.183888,105.183888,105.183888,105.183888,105.183888,105.183888,105.183888,105.183888,105.183888,105.183888,0,0,0,0,0,0,0,0,0,0,0,0,0,0,0,0,0,0,0,0,10,10,10,10,10,10,10,10,10,10,10,10,10,10,10,10,10,10,10,10,0,0,0,0,0,0,0,0,0,0,0,0,0,0,0,0,0,0,0,0
61.867944,60.042876,65.707301,66.014446,63.698602,64.161804,54.481081,59.840119,64.874205,77.153152,77.153152,77.153152,77.153152,77.153152,77.153152,77.153152,77.153152,77.153152,77.153152,77.153152,65.400651,52.565626,59.699781,61.899679,59.473292,60.751446,53.714965,64.54539,69.007134,66.629899,66.629899,66.629899,66.629899,66.629899,66.629899,66.629899,66.629899,66.629899,66.629899,66.629899,0,0,0,0,0,0,0,0,0,0,0,0,0,0,0,0,0,0,0,0,10,10,10,10,10,10,10,10,10,10,10,10,10,10,10,10,10,10,10,10,0,0,0,0,0,0,0,0,0,0,0,0,0,0,0,0,0,0,0,0
85.0,94.0,85.864905,96.750498,95.403389,95.00872,90.94321,95.416681,85.209513,85.457789,85.647472,85.916118,85.51064,85.723093,85.740416,86.008266,86.143694,85.962362,85.90503,86.145886,78.735139,70.003626,86.234141,91.618558,86.080046,72.482345,98.048557,94.013405,86.190087,50.08819,85.389103,85.423025,85.181766,33.904053,85.319696,91.844318,85.131214,85.749475,91.722144,92.28491,85.953645,85.729853,85.734901,86.025403,86.002894,80.021297,90.881508,85.965908,76.435274,87.0,85.707007,103.654813,89.250669,85.375246,85.731648,85.633666,86.007112,85.169552,86.013714,86.281285,86.049011,86.066398,86.419739,86.116943,85.649538,85.592544,75.769113,86.046873,85.579747,85.309447,85.368666,85.980742,92.103517,78.043761,84.695543,82.37683,84.797939,83.939285,93.226553,92.391173,99.834913,91.0,73.169148,89.0,80.033414,73.613951,86.169215,61.779002,70.4649,86.283196,87.769849,87.308071,87.170503,88.1026,87.248152,87.694587,86.877667,91.775165,95.178631,91.781505,85.023256,84.531163,84.016539,84.409074,89.943383,83.627286,82.747277,93.471583,83.614309,83.341169,82.785807,95.375488,83.04477,79.986897,82.962254,76.875199,99.072929,67.840564,85.569224,83.730239,111.808698,84.089153,84.419243,84.749149,84.457544,84.288055,85.038476,84.83575,83.433135,93.812064,92.758225,91.0,81.179392,83.583798,100.156349,102.860633,81.954312,87.790418,83.217968,83.621652,82.641415,82.721028,70.0,59.0,48.080172,83.213693,82.15655,82.134424,83.132915,112.704249,81.77616,96.687584,96.0,106.178099,84.754065,112.03551,84.496767,84.875896,85.375433,84.312971,95.087819,92.022302,84.483589,85.077735,86.240839,86.492746,86.817101,97.7032,86.860357,87.420682,88.052855,90.284102,90.998888,87.062671,87.587157,88.519029,76.0,0.0,0.0,10.712728,3.603074,7.162374,12.489863,4.956806,9.000268,17.746913,16.971771,17.273436,17.273152,16.762047,17.377177,17.548186,17.503827,17.517706,17.128703,17.504844,16.772069,12.486973,18.124727,17.468316,17.513217,17.581032,41.299227,4.684761,6.65202,17.930228,46.101713,17.48207,16.921792,17.600399,48.050604,16.720911,7.066366,17.296155,16.77852,4.969301,6.301027,16.736015,17.045566,16.799039,16.978481,17.064551,11.016536,7.919424,17.032882,6.122746,0.0,16.624077,6.735848,1.884796,16.988783,17.281059,17.335994,17.349896,17.445464,17.108531,17.374986,17.083551,17.642521,21.894897,17.363278,17.549712,17.161565,11.313147,17.241178,17.791298,17.576307,16.410154,16.691273,3.707961,3.089872,16.819043,2.923905,15.694484,16.726025,13.242013,19.532734,10.890933,0.0,7.0046,0.0,19.916164,15.21355,14.915734,14.02069,7.106213,14.796303,14.795108,14.959967,14.514946,14.173031,13.226456,13.226391,12.962057,7.105561,24.457859,8.501873,13.865862,14.486456,14.401644,13.355167,13.972205,13.859617,14.502905,36.399459,14.472887,14.578058,14.137185,24.719835,15.250079,7.692152,15.888672,9.379249,57.017004,12.425082,21.451465,16.511551,67.766151,15.690449,16.544913,16.829616,17.0184,16.915598,16.192896,16.08466,16.456587,11.315344,10.428132,0.0,6.980936,2.739458,13.497103,18.486381,16.939108,31.789645,17.120384,17.256031,17.345761,17.129557,0.0,0.0,3.98589,18.278034,18.492286,18.707258,18.113907,18.200583,39.531616,10.680564,5.0,10.818007,16.219027,8.188594,15.668362,15.110949,14.894635,14.237922,15.597681,14.197301,15.188098,15.435087,15.965868,15.257441,15.30245,39.799638,14.155531,15.32718,14.715833,31.482886,11.008404,14.451266,13.587347,12.295878,0.0,0,0,0,0,0,0,0,0,0,0,0,0,0,0,0,0,0,0,0,0,0,0,0,0,0,0,0,0,0,0,0,0,0,0,0,0,0,0,0,0,0,0,0,0,0,0,0,0,0,0,0,0,0,0,0,0,0,0,0,0,0,0,0,0,0,0,0,0,0,0,0,0,0,0,0,0,0,0,0,0,0,0,0,0,0,0,0,0,0,0,0,0,0,0,0,0,0,0,0,0,0,0,0,0,0,0,0,0,0,0,0,0,0,0,0,0,0,0,0,0,0,0,0,0,0,0,0,0,0,0,0,0,0,0,0,0,0,0,0,0,0,0,0,0,0,0,0,0,0,0,0,0,0,0,0,0,0,0,0,0,0,0,0,0,0,0,0,0,0,0,0,0,0,0,0,0,0,10,10,10,10,10,10,10,10,10,10,10,10,10,10,10,10,10,10,10,10,10,10,10,10,10,10,10,10,10,10,10,10,10,10,10,10,10,10,10,10,10,10,10,10,10,10,10,10,10,10,10,10,10,10,10,10,10,10,10,10,10,10,10,10,10,10,10,10,10,10,10,10,10,10,10,10,10,10,10,10,10,10,10,10,10,10,10,10,10,10,10,10,10,10,10,10,10,10,10,10,10,10,10,10,10,10,10,10,10,10,10,10,10,10,10,10,10,10,10,10,10,10,10,10,10,10,10,10,10,10,10,10,10,10,10,10,10,10,10,10,10,10,10,10,10,10,10,10,10,10,10,10,10,10,10,10,10,10,10,10,10,10,10,10,10,10,10,10,10,10,10,10,10,10,10,10,10,0,0,0,0,0,0,0,0,0,0,0,0,0,0,0,0,0,0,0,0,0,0,0,0,0,0,0,0,0,0,0,0,0,0,0,0,0,0,0,0,0,0,0,0,0,0,0,0,0,0,0,0,0,0,0,0,0,0,0,0,0,0,0,0,0,0,0,0,0,0,0,0,0,0,0,0,0,0,0,0,0,0,0,0,0,0,0,0,0,0,0,0,0,0,0,0,0,0,0,0,0,0,0,0,0,0,0,0,0,0,0,0,0,0,0,0,0,0,0,0,0,0,0,0,0,0,0,0,0,0,0,0,0,0,0,0,0,0,0,0,0,0,0,0,0,0,0,0,0,0,0,0,0,0,0,0,0,0,0,0,0,0,0,0,0,0,0,0,0,0,0,0,0,0,0,0,0
21.646746,8.246564,8.246564,8.246564,8.246564,8.246564,8.246564,8.246564,8.246564,8.246564,8.246564,8.246564,8.246564,8.246564,8.246564,8.246564,8.246564,8.246564,8.246564,8.246564,77.296149,81.846928,81.846928,81.846928,81.846928,81.846928,81.846928,81.846928,81.846928,81.846928,81.846928,81.846928,81.846928,81.846928,81.846928,81.846928,81.846928,81.846928,81.846928,81.846928,0,0,0,0,0,0,0,0,0,0,0,0,0,0,0,0,0,0,0,0,10,10,10,10,10,10,10,10,10,10,10,10,10,10,10,10,10,10,10,10,0,0,0,0,0,0,0,0,0,0,0,0,0,0,0,0,0,0,0,0
122.145662,127.0,115.114126,107.864723,104.098324,103.310972,103.310972,103.310972,103.310972,103.310972,103.310972,103.310972,103.310972,103.310972,103.310972,103.310972,103.310972,103.310972,103.310972,103.310972,97.542879,101.0,97.357907,87.306148,83.948671,80.01479,80.01479,80.01479,80.01479,80.01479,80.01479,80.01479,80.01479,80.01479,80.01479,80.01479,80.01479,80.01479,80.01479,80.01479,0,0,0,0,0,0,0,0,0,0,0,0,0,0,0,0,0,0,0,0,10,10,10,10,10,10,10,10,10,10,10,10,10,10,10,10,10,10,10,10,0,0,0,0,0,0,0,0,0,0,0,0,0,0,0,0,0,0,0,0
23.205747,24.330542,22.080413,13.900934,11.08726,7.09698,2.38482,7.142453,0.0,9.089296,6.755486,0.0,8.185682,18.857965,11.290113,22.387464,32.569101,32.877245,44.225789,44.225789,40.942953,48.08772,53.823077,70.713759,82.833478,93.15526,81.282262,101.890451,77.0,95.969402,91.57128,84.0,93.888363,97.811293,104.825399,100.9323,110.562251,116.924855,119.839224,119.839224,0,0,0,0,0,0,0,0,0,0,0,0,0,0,0,0,0,0,0,0,10,10,10,10,10,10,10,10,10,10,10,10,10,10,10,10,10,10,10,10,0,0,0,0,0,0,0,0,0,0,0,0,0,0,0,0,0,0,0,0
110.147071,107.262423,112.520667,111.470272,108.292048,105.078425,119.289858,119.289858,119.289858,119.289858,119.289858,119.289858,119.289858,119.289858,119.289858,119.289858,119.289858,119.289858,119.289858,119.289858,96.053404,97.300288,104.877734,99.002928,101.186955,95.501569,98.8509,98.8509,98.8509,98.8509,98.8509,98.8509,98.8509,98.8509,98.8509,98.8509,98.8509,98.8509,98.8509,98.8509,0,0,0,0,0,0,0,0,0,0,0,0,0,0,0,0,0,0,0,0,10,10,10,10,10,10,10,10,10,10,10,10,10,10,10,10,10,10,10,10,0,0,0,0,0,0,0,0,0,0,0,0,0,0,0,0,0,0,0,0
52.978647,48.031872,43.0,51.272191,51.272191,51.272191,51.272191,51.272191,51.272191,51.272191,51.272191,51.272191,51.272191,51.272191,51.272191,51.272191,51.272191,51.272191,51.272191,51.272191,28.894517,22.135984,29.0,29.145059,29.145059,29.145059,29.145059,29.145059,29.145059,29.145059,29.145059,29.145059,29.145059,29.145059,29.145059,29.145059,29.145059,29.145059,29.145059,29.145059,0,0,0,0,0,0,0,0,0,0,0,0,0,0,0,0,0,0,0,0,10,10,10,10,10,10,10,10,10,10,10,10,10,10,10,10,10,10,10,10,0,0,0,0,0,0,0,0,0,0,0,0,0,0,0,0,0,0,0,0
43.83994,48.716155,48.716155,48.716155,48.716155,48.716155,48.716155,48.716155,48.716155,48.716155,48.716155,48.716155,48.716155,48.716155,48.716155,48.716155,48.716155,48.716155,48.716155,48.716155,92.881031,106.291571,106.291571,106.291571,106.291571,106.291571,106.291571,106.291571,106.291571,106.291571,106.291571,106.291571,106.291571,106.291571,106.291571,106.291571,106.291571,106.291571,106.291571,106.291571,0,0,0,0,0,0,0,0,0,0,0,0,0,0,0,0,0,0,0,0,10,10,10,10,10,10,10,10,10,10,10,10,10,10,10,10,10,10,10,10,0,0,0,0,0,0,0,0,0,0,0,0,0,0,0,0,0,0,0,0
15.855821,21.85879,16.175411,17.03373,20.202582,16.0,16.0,16.0,16.0,16.0,16.0,16.0,16.0,16.0,16.0,16.0,16.0,16.0,16.0,16.0,120.078155,117.37463,113.303199,106.94339,118.059782,127.0,127.0,127.0,127.0,127.0,127.0,127.0,127.0,127.0,127.0,127.0,127.0,127.0,127.0,127.0,0,0,0,0,0,0,0,0,0,0,0,0,0,0,0,0,0,0,0,0,10,10,10,10,10,10,10,10,10,10,10,10,10,10,10,10,10,10,10,10,0,0,0,0,0,0,0,0,0,0,0,0,0,0,0,0,0,0,0,0
46.435958,45.1387,42.102158,42.102158,42.102158,42.102158,42.102158,42.102158,42.102158,42.102158,42.102158,42.102158,42.102158,42.102158,42.102158,42.102158,42.102158,42.102158,42.102158,42.102158,1.846076,5.203228,16.947792,16.947792,16.947792,16.947792,16.947792,16.947792,16.947792,16.947792,16.947792,16.947792,16.947792,16.947792,16.947792,16.947792,16.947792,16.947792,16.947792,16.947792,0,0,0,0,0,0,0,0,0,0,0,0,0,0,0,0,0,0,0,0,10,10,10,10,10,10,10,10,10,10,10,10,10,10,10,10,10,10,10,10,0,0,0,0,0,0,0,0,0,0,0,0,0,0,0,0,0,0,0,0
68.171021,63.0,66.0,69.82495,68.0,68.0,68.0,68.0,68.0,68.0,68.0,68.0,68.0,68.0,68.0,68.0,68.0,68.0,68.0,68.0,2.150251,0.0,0.0,5.160222,0.0,0.0,0.0,0.0,0.0,0.0,0.0,0.0,0.0,0.0,0.0,0.0,0.0,0.0,0.0,0.0,0,0,0,0,0,0,0,0,0,0,0,0,0,0,0,0,0,0,0,0,10,10,10,10,10,10,10,10,10,10,10,10,10,10,10,10,10,10,10,10,0,0,0,0,0,0,0,0,0,0,0,0,0,0,0,0,0,0,0,0
26.344118,28.0,22.515833,22.515833,22.515833,22.515833,22.515833,22.515833,22.515833,22.515833,22.515833,22.515833,22.515833,22.515833,22.515833,22.515833,22.515833,22.515833,22.515833,22.515833,117.085053,127.0,116.720604,116.720604,116.720604,116.720604,116.720604,116.720604,116.720604,116.720604,116.720604,116.720604,116.720604,116.720604,116.720604,116.720604,116.720604,116.720604,116.720604,116.720604,0,0,0,0,0,0,0,0,0,0,0,0,0,0,0,0,0,0,0,0,10,10,10,10,10,10,10,10,10,10,10,10,10,10,10,10,10,10,10,10,0,0,0,0,0,0,0,0,0,0,0,0,0,0,0,0,0,0,0,0
21.276278,16.444916,16.444916,16.444916,16.444916,16.444916,16.444916,16.444916,16.444916,16.444916,16.444916,16.444916,16.444916,16.444916,16.444916,16.444916,16.444916,16.444916,16.444916,16.444916,51.8572,54.636013,54.636013,54.636013,54.636013,54.636013,54.636013,54.636013,54.636013,54.636013,54.636013,54.636013,54.636013,54.636013,54.636013,54.636013,54.636013,54.636013,54.636013,54.636013,0,0,0,0,0,0,0,0,0,0,0,0,0,0,0,0,0,0,0,0,10,10,10,10,10,10,10,10,10,10,10,10,10,10,10,10,10,10,10,10,0,0,0,0,0,0,0,0,0,0,0,0,0,0,0,0,0,0,0,0
0.507156,1.932175,0.0,0.0,0.0,0.0,0.0,0.0,0.0,0.0,0.0,0.0,0.0,0.0,0.0,0.0,0.0,0.0,0.0,0.0,70.693313,61.992107,76.0,76.0,76.0,76.0,76.0,76.0,76.0,76.0,76.0,76.0,76.0,76.0,76.0,76.0,76.0,76.0,76.0,76.0,0,0,0,0,0,0,0,0,0,0,0,0,0,0,0,0,0,0,0,0,10,10,10,10,10,10,10,10,10,10,10,10,10,10,10,10,10,10,10,10,0,0,0,0,0,0,0,0,0,0,0,0,0,0,0,0,0,0,0,0
37.858575,38.883558,35.459226,35.828881,30.001522,37.209649,37.485581,37.485581,37.485581,37.485581,37.485581,37.485581,37.485581,37.485581,37.485581,37.485581,37.485581,37.485581,37.485581,37.485581,65.681581,56.312091,56.815768,50.17965,50.606243,39.002454,34.750149,34.750149,34.750149,34.750149,34.750149,34.750149,34.750149,34.750149,34.750149,34.750149,34.750149,34.750149,34.750149,34.750149,0,0,0,0,0,0,0,0,0,0,0,0,0,0,0,0,0,0,0,0,10,10,10,10,10,10,10,10,10,10,10,10,10,10,10,10,10,10,10,10,0,0,0,0,0,0,0,0,0,0,0,0,0,0,0,0,0,0,0,0
47.042306,45.820018,36.03301,36.03301,36.03301,36.03301,36.03301,36.03301,36.03301,36.03301,36.03301,36.03301,36.03301,36.03301,36.03301,36.03301,36.03301,36.03301,36.03301,36.03301,42.783867,35.126095,39.229202,39.229202,39.229202,39.229202,39.229202,39.229202,39.229202,39.229202,39.229202,39.229202,39.229202,39.229202,39.229202,39.229202,39.229202,39.229202,39.229202,39.229202,0,0,0,0,0,0,0,0,0,0,0,0,0,0,0,0,0,0,0,0,10,10,10,10,10,10,10,10,10,10,10,10,10,10,10,10,10,10,10,10,0,0,0,0,0,0,0,0,0,0,0,0,0,0,0,0,0,0,0,0
4.502151,6.993798,4.836346,5.016802,2.969772,2.969772,2.969772,2.969772,2.969772,2.969772,2.969772,2.969772,2.969772,2.969772,2.969772,2.969772,2.969772,2.969772,2.969772,2.969772,104.667519,108.902218,113.045303,113.328351,118.086766,118.086766,118.086766,118.086766,118.086766,118.086766,118.086766,118.086766,118.086766,118.086766,118.086766,118.086766,118.086766,118.086766,118.086766,118.086766,0,0,0,0,0,0,0,0,0,0,0,0,0,0,0,0,0,0,0,0,10,10,10,10,10,10,10,10,10,10,10,10,10,10,10,10,10,10,10,10,0,0,0,0,0,0,0,0,0,0,0,0,0,0,0,0,0,0,0,0
23.769507,26.770546,26.770546,26.770546,26.770546,26.770546,26.770546,26.770546,26.770546,26.770546,26.770546,26.770546,26.770546,26.770546,26.770546,26.770546,26.770546,26.770546,26.770546,26.770546,104.150276,106.835949,106.835949,106.835949,106.835949,106.835949,106.835949,106.835949,106.835949,106.835949,106.835949,106.835949,106.835949,106.835949,106.835949,106.835949,106.835949,106.835949,106.835949,106.835949,0,0,0,0,0,0,0,0,0,0,0,0,0,0,0,0,0,0,0,0,10,10,10,10,10,10,10,10,10,10,10,10,10,10,10,10,10,10,10,10,0,0,0,0,0,0,0,0,0,0,0,0,0,0,0,0,0,0,0,0
36.07947,33.391445,31.758242,34.874739,43.541617,55.03516,33.010618,36.097283,62.700201,62.700201,62.700201,62.700201,62.700201,62.700201,62.700201,62.700201,62.700201,62.700201,62.700201,62.700201,84.329816,83.865445,78.09213,80.735254,88.51409,94.01,71.53806,75.674939,92.211394,92.211394,92.211394,92.211394,92.211394,92.211394,92.211394,92.211394,92.211394,92.211394,92.211394,92.211394,0,0,0,0,0,0,0,0,0,0,0,0,0,0,0,0,0,0,0,0,10,10,10,10,10,10,10,10,10,10,10,10,10,10,10,10,10,10,10,10,0,0,0,0,0,0,0,0,0,0,0,0,0,0,0,0,0,0,0,0
101.023576,101.665458,106.145491,98.806416,102.359611,100.783381,96.829859,102.889496,105.882799,116.544807,127.0,127.0,127.0,127.0,127.0,127.0,127.0,127.0,127.0,127.0,104.157115,100.881572,105.612637,99.107839,89.907653,94.981506,105.468249,104.586559,105.744719,106.058245,107.0,107.0,107.0,107.0,107.0,107.0,107.0,107.0,107.0,107.0,0,0,0,0,0,0,0,0,0,0,0,0,0,0,0,0,0,0,0,0,10,10,10,10,10,10,10,10,10,10,10,10,10,10,10,10,10,10,10,10,0,0,0,0,0,0,0,0,0,0,0,0,0,0,0,0,0,0,0,0
33.501022,35.521907,47.180716,42.702844,42.702844,42.702844,42.702844,42.702844,42.702844,42.702844,42.702844,42.702844,42.702844,42.702844,42.702844,42.702844,42.702844,42.702844,42.702844,42.702844,16.76964,12.859062,18.682492,12.762399,12.762399,12.762399,12.762399,12.762399,12.762399,12.762399,12.762399,12.762399,12.762399,12.762399,12.762399,12.762399,12.762399,12.762399,12.762399,12.762399,0,0,0,0,0,0,0,0,0,0,0,0,0,0,0,0,0,0,0,0,10,10,10,10,10,10,10,10,10,10,10,10,10,10,10,10,10,10,10,10,0,0,0,0,0,0,0,0,0,0,0,0,0,0,0,0,0,0,0,0
91.013489,86.917894,86.917894,86.917894,86.917894,86.917894,86.917894,86.917894,86.917894,86.917894,86.917894,86.917894,86.917894,86.917894,86.917894,86.917894,86.917894,86.917894,86.917894,86.917894,122.814548,115.270815,115.270815,115.270815,115.270815,115.270815,115.270815,115.270815,115.270815,115.270815,115.270815,115.270815,115.270815,115.270815,115.270815,115.270815,115.270815,115.270815,115.270815,115.270815,0,0,0,0,0,0,0,0,0,0,0,0,0,0,0,0,0,0,0,0,10,10,10,10,10,10,10,10,10,10,10,10,10,10,10,10,10,10,10,10,0,0,0,0,0,0,0,0,0,0,0,0,0,0,0,0,0,0,0,0
12.832422,13.798253,8.129794,8.129794,8.129794,8.129794,8.129794,8.129794,8.129794,8.129794,8.129794,8.129794,8.129794,8.129794,8.129794,8.129794,8.129794,8.129794,8.129794,8.129794,100.331924,104.253911,100.701632,100.701632,100.701632,100.701632,100.701632,100.701632,100.701632,100.701632,100.701632,100.701632,100.701632,100.701632,100.701632,100.701632,100.701632,100.701632,100.701632,100.701632,0,0,0,0,0,0,0,0,0,0,0,0,0,0,0,0,0,0,0,0,10,10,10,10,10,10,10,10,10,10,10,10,10,10,10,10,10,10,10,10,0,0,0,0,0,0,0,0,0,0,0,0,0,0,0,0,0,0,0,0
5.981671,12.716866,7.863176,7.863176,7.863176,7.863176,7.863176,7.863176,7.863176,7.863176,7.863176,7.863176,7.863176,7.863176,7.863176,7.863176,7.863176,7.863176,7.863176,7.863176,118.955603,118.063602,117.111463,117.111463,117.111463,117.111463,117.111463,117.111463,117.111463,117.111463,117.111463,117.111463,117.111463,117.111463,117.111463,117.111463,117.111463,117.111463,117.111463,117.111463,0,0,0,0,0,0,0,0,0,0,0,0,0,0,0,0,0,0,0,0,10,10,10,10,10,10,10,10,10,10,10,10,10,10,10,10,10,10,10,10,0,0,0,0,0,0,0,0,0,0,0,0,0,0,0,0,0,0,0,0
122.285173,124.891948,124.891948,124.891948,124.891948,124.891948,124.891948,124.891948,124.891948,124.891948,124.891948,124.891948,124.891948,124.891948,124.891948,124.891948,124.891948,124.891948,124.891948,124.891948,74.265613,74.033858,74.033858,74.033858,74.033858,74.033858,74.033858,74.033858,74.033858,74.033858,74.033858,74.033858,74.033858,74.033858,74.033858,74.033858,74.033858,74.033858,74.033858,74.033858,0,0,0,0,0,0,0,0,0,0,0,0,0,0,0,0,0,0,0,0,10,10,10,10,10,10,10,10,10,10,10,10,10,10,10,10,10,10,10,10,0,0,0,0,0,0,0,0,0,0,0,0,0,0,0,0,0,0,0,0
67.931359,76.797378,63.748736,64.031094,74.985644,74.985644,74.985644,74.985644,74.985644,74.985644,74.985644,74.985644,74.985644,74.985644,74.985644,74.985644,74.985644,74.985644,74.985644,74.985644,84.281008,81.698205,84.473002,79.377301,85.156846,85.156846,85.156846,85.156846,85.156846,85.156846,85.156846,85.156846,85.156846,85.156846,85.156846,85.156846,85.156846,85.156846,85.156846,85.156846,0,0,0,0,0,0,0,0,0,0,0,0,0,0,0,0,0,0,0,0,10,10,10,10,10,10,10,10,10,10,10,10,10,10,10,10,10,10,10,10,0,0,0,0,0,0,0,0,0,0,0,0,0,0,0,0,0,0,0,0
0.0,0.0,0.0,0.0,0.0,0.0,0.0,0.0,0.0,0.0,0.0,0.0,0.0,0.0,0.0,0.0,0.0,0.0,0.0,0.0,35.0,38.0,38.0,38.0,38.0,38.0,38.0,38.0,38.0,38.0,38.0,38.0,38.0,38.0,38.0,38.0,38.0,38.0,38.0,38.0,0,0,0,0,0,0,0,0,0,0,0,0,0,0,0,0,0,0,0,0,10,10,10,10,10,10,10,10,10,10,10,10,10,10,10,10,10,10,10,10,0,0,0,0,0,0,0,0,0,0,0,0,0,0,0,0,0,0,0,0
41.90911,35.670099,25.096106,24.778474,20.623969,27.0,27.0,27.0,27.0,27.0,27.0,27.0,27.0,27.0,27.0,27.0,27.0,27.0,27.0,27.0,117.112123,107.685209,115.07189,114.091646,123.873145,127.0,127.0,127.0,127.0,127.0,127.0,127.0,127.0,127.0,127.0,127.0,127.0,127.0,127.0,127.0,0,0,0,0,0,0,0,0,0,0,0,0,0,0,0,0,0,0,0,0,10,10,10,10,10,10,10,10,10,10,10,10,10,10,10,10,10,10,10,10,0,0,0,0,0,0,0,0,0,0,0,0,0,0,0,0,0,0,0,0
66.72433,63.932873,63.932873,63.932873,63.932873,63.932873,63.932873,63.932873,63.932873,63.932873,63.932873,63.932873,63.932873,63.932873,63.932873,63.932873,63.932873,63.932873,63.932873,63.932873,10.802609,8.901415,8.901415,8.901415,8.901415,8.901415,8.901415,8.901415,8.901415,8.901415,8.901415,8.901415,8.901415,8.901415,8.901415,8.901415,8.901415,8.901415,8.901415,8.901415,0,0,0,0,0,0,0,0,0,0,0,0,0,0,0,0,0,0,0,0,10,10,10,10,10,10,10,10,10,10,10,10,10,10,10,10,10,10,10,10,0,0,0,0,0,0,0,0,0,0,0,0,0,0,0,0,0,0,0,0
58.658109,59.956214,57.848633,57.848633,57.848633,57.848633,57.848633,57.848633,57.848633,57.848633,57.848633,57.848633,57.848633,57.848633,57.848633,57.848633,57.848633,57.848633,57.848633,57.848633,100.957282,102.073639,106.979682,106.979682,106.979682,106.979682,106.979682,106.979682,106.979682,106.979682,106.979682,106.979682,106.979682,106.979682,106.979682,106.979682,106.979682,106.979682,106.979682,106.979682,0,0,0,0,0,0,0,0,0,0,0,0,0,0,0,0,0,0,0,0,10,10,10,10,10,10,10,10,10,10,10,10,10,10,10,10,10,10,10,10,0,0,0,0,0,0,0,0,0,0,0,0,0,0,0,0,0,0,0,0
64.929632,69.203218,56.570981,50.26981,44.052368,44.953788,48.996808,46.335301,50.905705,49.907513,49.351104,51.702187,50.240797,50.153004,50.153004,50.153004,50.153004,50.153004,50.153004,50.153004,15.855504,20.507297,25.141961,28.927315,20.941019,21.990753,35.220501,47.99551,43.723758,46.040836,60.624947,58.997262,54.11895,48.287657,48.287657,48.287657,48.287657,48.287657,48.287657,48.287657,0,0,0,0,0,0,0,0,0,0,0,0,0,0,0,0,0,0,0,0,10,10,10,10,10,10,10,10,10,10,10,10,10,10,10,10,10,10,10,10,0,0,0,0,0,0,0,0,0,0,0,0,0,0,0,0,0,0,0,0
27.035337,19.879107,20.519314,22.991496,24.867153,38.017559,45.877096,41.857866,41.857866,41.857866,41.857866,41.857866,41.857866,41.857866,41.857866,41.857866,41.857866,41.857866,41.857866,41.857866,87.40515,91.95115,84.517161,85.114565,89.867105,90.069768,90.103863,93.116889,93.116889,93.116889,93.116889,93.116889,93.116889,93.116889,93.116889,93.116889,93.116889,93.116889,93.116889,93.116889,0,0,0,0,0,0,0,0,0,0,0,0,0,0,0,0,0,0,0,0,10,10,10,10,10,10,10,10,10,10,10,10,10,10,10,10,10,10,10,10,0,0,0,0,0,0,0,0,0,0,0,0,0,0,0,0,0,0,0,0
17.81051,6.197242,6.197242,6.197242,6.197242,6.197242,6.197242,6.197242,6.197242,6.197242,6.197242,6.197242,6.197242,6.197242,6.197242,6.197242,6.197242,6.197242,6.197242,6.197242,61.948709,62.124482,62.124482,62.124482,62.124482,62.124482,62.124482,62.124482,62.124482,62.124482,62.124482,62.124482,62.124482,62.124482,62.124482,62.124482,62.124482,62.124482,62.124482,62.124482,0,0,0,0,0,0,0,0,0,0,0,0,0,0,0,0,0,0,0,0,10,10,10,10,10,10,10,10,10,10,10,10,10,10,10,10,10,10,10,10,0,0,0,0,0,0,0,0,0,0,0,0,0,0,0,0,0,0,0,0
0.0,2.653455,0.0,0.0,0.0,0.0,0.0,0.0,0.0,0.0,0.0,0.0,0.0,0.0,0.0,0.0,0.0,0.0,0.0,0.0,0.0,6.87976,12.0,0.0,0.0,0.0,0.0,0.0,0.0,0.0,0.0,0.0,0.0,0.0,0.0,0.0,0.0,0.0,0.0,0.0,0,0,0,0,0,0,0,0,0,0,0,0,0,0,0,0,0,0,0,0,10,10,10,10,10,10,10,10,10,10,10,10,10,10,10,10,10,10,10,10,0,0,0,0,0,0,0,0,0,0,0,0,0,0,0,0,0,0,0,0
26.266132,18.328302,25.933629,12.343768,14.249933,17.057142,13.078498,4.935712,4.935712,4.935712,4.935712,4.935712,4.935712,4.935712,4.935712,4.935712,4.935712,4.935712,4.935712,4.935712,61.09861,58.991708,55.83669,60.097268,60.851795,74.240578,78.184259,87.92456,87.92456,87.92456,87.92456,87.92456,87.92456,87.92456,87.92456,87.92456,87.92456,87.92456,87.92456,87.92456,0,0,0,0,0,0,0,0,0,0,0,0,0,0,0,0,0,0,0,0,10,10,10,10,10,10,10,10,10,10,10,10,10,10,10,10,10,10,10,10,0,0,0,0,0,0,0,0,0,0,0,0,0,0,0,0,0,0,0,0
32.299674,29.01462,29.01462,29.01462,29.01462,29.01462,29.01462,29.01462,29.01462,29.01462,29.01462,29.01462,29.01462,29.01462,29.01462,29.01462,29.01462,29.01462,29.01462,29.01462,102.616097,111.051865,111.051865,111.051865,111.051865,111.051865,111.051865,111.051865,111.051865,111.051865,111.051865,111.051865,111.051865,111.051865,111.051865,111.051865,111.051865,111.051865,111.051865,111.051865,0,0,0,0,0,0,0,0,0,0,0,0,0,0,0,0,0,0,0,0,10,10,10,10,10,10,10,10,10,10,10,10,10,10,10,10,10,10,10,10,0,0,0,0,0,0,0,0,0,0,0,0,0,0,0,0,0,0,0,0
127.0,127.0,127.0,127.0,127.0,127.0,127.0,127.0,127.0,127.0,127.0,127.0,127.0,127.0,127.0,127.0,127.0,127.0,127.0,127.0,4.0,2.0,2.0,2.0,2.0,2.0,2.0,2.0,2.0,2.0,2.0,2.0,2.0,2.0,2.0,2.0,2.0,2.0,2.0,2.0,0,0,0,0,0,0,0,0,0,0,0,0,0,0,0,0,0,0,0,0,10,10,10,10,10,10,10,10,10,10,10,10,10,10,10,10,10,10,10,10,0,0,0,0,0,0,0,0,0,0,0,0,0,0,0,0,0,0,0,0
36.66249,33.049302,33.049302,33.049302,33.049302,33.049302,33.049302,33.049302,33.049302,33.049302,33.049302,33.049302,33.049302,33.049302,33.049302,33.049302,33.049302,33.049302,33.049302,33.049302,92.004496,92.975414,92.975414,92.975414,92.975414,92.975414,92.975414,92.975414,92.975414,92.975414,92.975414,92.975414,92.975414,92.975414,92.975414,92.975414,92.975414,92.975414,92.975414,92.975414,0,0,0,0,0,0,0,0,0,0,0,0,0,0,0,0,0,0,0,0,10,10,10,10,10,10,10,10,10,10,10,10,10,10,10,10,10,10,10,10,0,0,0,0,0,0,0,0,0,0,0,0,0,0,0,0,0,0,0,0
53.208942,52.0,55.0,54.891734,61.142125,55.926329,48.087866,41.950083,45.022207,57.062656,65.215957,57.211741,53.815308,53.815308,53.815308,53.815308,53.815308,53.815308,53.815308,53.815308,3.114029,0.0,0.0,3.544668,2.476754,7.840893,15.972101,19.639887,22.681605,25.709955,13.261996,11.140477,18.223907,18.223907,18.223907,18.223907,18.223907,18.223907,18.223907,18.223907,0,0,0,0,0,0,0,0,0,0,0,0,0,0,0,0,0,0,0,0,10,10,10,10,10,10,10,10,10,10,10,10,10,10,10,10,10,10,10,10,0,0,0,0,0,0,0,0,0,0,0,0,0,0,0,0,0,0,0,0
3.701761,2.922656,11.121574,11.121574,11.121574,11.121574,11.121574,11.121574,11.121574,11.121574,11.121574,11.121574,11.121574,11.121574,11.121574,11.121574,11.121574,11.121574,11.121574,11.121574,57.292617,45.1146,41.945779,41.945779,41.945779,41.945779,41.945779,41.945779,41.945779,41.945779,41.945779,41.945779,41.945779,41.945779,41.945779,41.945779,41.945779,41.945779,41.945779,41.945779,0,0,0,0,0,0,0,0,0,0,0,0,0,0,0,0,0,0,0,0,10,10,10,10,10,10,10,10,10,10,10,10,10,10,10,10,10,10,10,10,0,0,0,0,0,0,0,0,0,0,0,0,0,0,0,0,0,0,0,0
124.824266,117.232154,117.232154,117.232154,117.232154,117.232154,117.232154,117.232154,117.232154,117.232154,117.232154,117.232154,117.232154,117.232154,117.232154,117.232154,117.232154,117.232154,117.232154,117.232154,110.201795,118.566818,118.566818,118.566818,118.566818,118.566818,118.566818,118.566818,118.566818,118.566818,118.566818,118.566818,118.566818,118.566818,118.566818,118.566818,118.566818,118.566818,118.566818,118.566818,0,0,0,0,0,0,0,0,0,0,0,0,0,0,0,0,0,0,0,0,10,10,10,10,10,10,10,10,10,10,10,10,10,10,10,10,10,10,10,10,0,0,0,0,0,0,0,0,0,0,0,0,0,0,0,0,0,0,0,0
38.876631,27.014168,31.577455,34.832138,47.189263,50.400027,18.782539,53.885033,14.711161,20.504909,15.636908,20.79175,20.79175,20.79175,20.79175,20.79175,20.79175,20.79175,20.79175,20.79175,125.209204,122.877459,114.882606,111.0537,110.070418,101.973528,112.86736,106.873383,114.022263,115.607603,118.185627,110.377203,110.377203,110.377203,110.377203,110.377203,110.377203,110.377203,110.377203,110.377203,0,0,0,0,0,0,0,0,0,0,0,0,0,0,0,0,0,0,0,0,10,10,10,10,10,10,10,10,10,10,10,10,10,10,10,10,10,10,10,10,0,0,0,0,0,0,0,0,0,0,0,0,0,0,0,0,0,0,0,0
127.0,127.0,118.904676,123.583317,127.0,127.0,127.0,127.0,127.0,127.0,127.0,127.0,127.0,127.0,127.0,127.0,127.0,127.0,127.0,127.0,26.0,39.0,48.169914,52.621678,49.0,56.0,56.0,62.0,62.0,62.0,62.0,62.0,62.0,62.0,62.0,62.0,62.0,62.0,62.0,62.0,0,0,0,0,0,0,0,0,0,0,0,0,0,0,0,0,0,0,0,0,10,10,10,10,10,10,10,10,10,10,10,10,10,10,10,10,10,10,10,10,0,0,0,0,0,0,0,0,0,0,0,0,0,0,0,0,0,0,0,0
26.91169,24.045909,25.197877,20.743623,20.743623,20.743623,20.743623,20.743623,20.743623,20.743623,20.743623,20.743623,20.743623,20.743623,20.743623,20.743623,20.743623,20.743623,20.743623,20.743623,13.798898,14.896447,6.897249,19.110922,19.110922,19.110922,19.110922,19.110922,19.110922,19.110922,19.110922,19.110922,19.110922,19.110922,19.110922,19.110922,19.110922,19.110922,19.110922,19.110922,0,0,0,0,0,0,0,0,0,0,0,0,0,0,0,0,0,0,0,0,10,10,10,10,10,10,10,10,10,10,10,10,10,10,10,10,10,10,10,10,0,0,0,0,0,0,0,0,0,0,0,0,0,0,0,0,0,0,0,0
111.156298,114.661369,122.165245,122.165245,122.165245,122.165245,122.165245,122.165245,122.165245,122.165245,122.165245,122.165245,122.165245,122.165245,122.165245,122.165245,122.165245,122.165245,122.165245,122.165245,75.71702,79.127621,72.238021,72.238021,72.238021,72.238021,72.238021,72.238021,72.238021,72.238021,72.238021,72.238021,72.238021,72.238021,72.238021,72.238021,72.238021,72.238021,72.238021,72.238021,0,0,0,0,0,0,0,0,0,0,0,0,0,0,0,0,0,0,0,0,10,10,10,10,10,10,10,10,10,10,10,10,10,10,10,10,10,10,10,10,0,0,0,0,0,0,0,0,0,0,0,0,0,0,0,0,0,0,0,0
16.0,16.0,18.0,8.319863,8.319863,8.319863,8.319863,8.319863,8.319863,8.319863,8.319863,8.319863,8.319863,8.319863,8.319863,8.319863,8.319863,8.319863,8.319863,8.319863,0.0,0.0,0.0,8.742141,8.742141,8.742141,8.742141,8.742141,8.742141,8.742141,8.742141,8.742141,8.742141,8.742141,8.742141,8.742141,8.742141,8.742141,8.742141,8.742141,0,0,0,0,0,0,0,0,0,0,0,0,0,0,0,0,0,0,0,0,10,10,10,10,10,10,10,10,10,10,10,10,10,10,10,10,10,10,10,10,0,0,0,0,0,0,0,0,0,0,0,0,0,0,0,0,0,0,0,0
76.44575,80.319365,80.319365,80.319365,80.319365,80.319365,80.319365,80.319365,80.319365,80.319365,80.319365,80.319365,80.319365,80.319365,80.319365,80.319365,80.319365,80.319365,80.319365,80.319365,114.11337,121.02162,121.02162,121.02162,121.02162,121.02162,121.02162,121.02162,121.02162,121.02162,121.02162,121.02162,121.02162,121.02162,121.02162,121.02162,121.02162,121.02162,121.02162,121.02162,0,0,0,0,0,0,0,0,0,0,0,0,0,0,0,0,0,0,0,0,10,10,10,10,10,10,10,10,10,10,10,10,10,10,10,10,10,10,10,10,0,0,0,0,0,0,0,0,0,0,0,0,0,0,0,0,0,0,0,0
18.518867,18.133999,19.808602,22.339886,21.950334,21.950334,21.950334,21.950334,21.950334,21.950334,21.950334,21.950334,21.950334,21.950334,21.950334,21.950334,21.950334,21.950334,21.950334,21.950334,28.837339,27.882372,28.52862,42.132542,35.3883,35.3883,35.3883,35.3883,35.3883,35.3883,35.3883,35.3883,35.3883,35.3883,35.3883,35.3883,35.3883,35.3883,35.3883,35.3883,0,0,0,0,0,0,0,0,0,0,0,0,0,0,0,0,0,0,0,0,10,10,10,10,10,10,10,10,10,10,10,10,10,10,10,10,10,10,10,10,0,0,0,0,0,0,0,0,0,0,0,0,0,0,0,0,0,0,0,0
120.737018,114.952525,114.952525,114.952525,114.952525,114.952525,114.952525,114.952525,114.952525,114.952525,114.952525,114.952525,114.952525,114.952525,114.952525,114.952525,114.952525,114.952525,114.952525,114.952525,88.94721,90.01207,90.01207,90.01207,90.01207,90.01207,90.01207,90.01207,90.01207,90.01207,90.01207,90.01207,90.01207,90.01207,90.01207,90.01207,90.01207,90.01207,90.01207,90.01207,0,0,0,0,0,0,0,0,0,0,0,0,0,0,0,0,0,0,0,0,10,10,10,10,10,10,10,10,10,10,10,10,10,10,10,10,10,10,10,10,0,0,0,0,0,0,0,0,0,0,0,0,0,0,0,0,0,0,0,0
65.439299,63.717897,63.717897,63.717897,63.717897,63.717897,63.717897,63.717897,63.717897,63.717897,63.717897,63.717897,63.717897,63.717897,63.717897,63.717897,63.717897,63.717897,63.717897,63.717897,108.308481,109.25322,109.25322,109.25322,109.25322,109.25322,109.25322,109.25322,109.25322,109.25322,109.25322,109.25322,109.25322,109.25322,109.25322,109.25322,109.25322,109.25322,109.25322,109.25322,0,0,0,0,0,0,0,0,0,0,0,0,0,0,0,0,0,0,0,0,10,10,10,10,10,10,10,10,10,10,10,10,10,10,10,10,10,10,10,10,0,0,0,0,0,0,0,0,0,0,0,0,0,0,0,0,0,0,0,0
76.90184,78.144282,78.144282,78.144282,78.144282,78.144282,78.144282,78.144282,78.144282,78.144282,78.144282,78.144282,78.144282,78.144282,78.144282,78.144282,78.144282,78.144282,78.144282,78.144282,48.812034,41.964688,41.964688,41.964688,41.964688,41.964688,41.964688,41.964688,41.964688,41.964688,41.964688,41.964688,41.964688,41.964688,41.964688,41.964688,41.964688,41.964688,41.964688,41.964688,0,0,0,0,0,0,0,0,0,0,0,0,0,0,0,0,0,0,0,0,10,10,10,10,10,10,10,10,10,10,10,10,10,10,10,10,10,10,10,10,0,0,0,0,0,0,0,0,0,0,0,0,0,0,0,0,0,0,0,0
41.109815,35.065406,40.92707,44.016537,26.593155,26.593155,26.593155,26.593155,26.593155,26.593155,26.593155,26.593155,26.593155,26.593155,26.593155,26.593155,26.593155,26.593155,26.593155,26.593155,5.170181,12.252662,11.745069,8.936855,11.055314,11.055314,11.055314,11.055314,11.055314,11.055314,11.055314,11.055314,11.055314,11.055314,11.055314,11.055314,11.055314,11.055314,11.055314,11.055314,0,0,0,0,0,0,0,0,0,0,0,0,0,0,0,0,0,0,0,0,10,10,10,10,10,10,10,10,10,10,10,10,10,10,10,10,10,10,10,10,0,0,0,0,0,0,0,0,0,0,0,0,0,0,0,0,0,0,0,0
46.1977,43.653527,52.992355,50.260137,56.0,48.0,42.842673,38.375331,35.149171,35.149171,35.149171,35.149171,35.149171,35.149171,35.149171,35.149171,35.149171,35.149171,35.149171,35.149171,4.466002,9.800875,1.909364,4.953515,0.0,0.0,7.934715,10.319259,5.808385,5.808385,5.808385,5.808385,5.808385,5.808385,5.808385,5.808385,5.808385,5.808385,5.808385,5.808385,0,0,0,0,0,0,0,0,0,0,0,0,0,0,0,0,0,0,0,0,10,10,10,10,10,10,10,10,10,10,10,10,10,10,10,10,10,10,10,10,0,0,0,0,0,0,0,0,0,0,0,0,0,0,0,0,0,0,0,0
0.0,12.968503,6.98394,6.98394,6.98394,6.98394,6.98394,6.98394,6.98394,6.98394,6.98394,6.98394,6.98394,6.98394,6.98394,6.98394,6.98394,6.98394,6.98394,6.98394,39.0,34.037643,35.002046,35.002046,35.002046,35.002046,35.002046,35.002046,35.002046,35.002046,35.002046,35.002046,35.002046,35.002046,35.002046,35.002046,35.002046,35.002046,35.002046,35.002046,0,0,0,0,0,0,0,0,0,0,0,0,0,0,0,0,0,0,0,0,10,10,10,10,10,10,10,10,10,10,10,10,10,10,10,10,10,10,10,10,0,0,0,0,0,0,0,0,0,0,0,0,0,0,0,0,0,0,0,0
25.61621,23.636295,27.911159,33.237237,25.120865,25.718653,30.909182,28.892067,34.872412,27.849804,35.630682,29.948509,38.04948,38.04948,38.04948,38.04948,38.04948,38.04948,38.04948,38.04948,99.12022,95.432398,97.70145,93.202362,95.789421,94.235347,98.636009,99.790254,97.181403,105.040911,101.262345,89.149361,86.900937,86.900937,86.900937,86.900937,86.900937,86.900937,86.900937,86.900937,0,0,0,0,0,0,0,0,0,0,0,0,0,0,0,0,0,0,0,0,10,10,10,10,10,10,10,10,10,10,10,10,10,10,10,10,10,10,10,10,0,0,0,0,0,0,0,0,0,0,0,0,0,0,0,0,0,0,0,0
82.632901,88.415474,95.0,95.0,95.0,95.0,95.0,95.0,95.0,95.0,95.0,95.0,95.0,95.0,95.0,95.0,95.0,95.0,95.0,95.0,122.595714,123.15564,127.0,127.0,127.0,127.0,127.0,127.0,127.0,127.0,127.0,127.0,127.0,127.0,127.0,127.0,127.0,127.0,127.0,127.0,0,0,0,0,0,0,0,0,0,0,0,0,0,0,0,0,0,0,0,0,10,10,10,10,10,10,10,10,10,10,10,10,10,10,10,10,10,10,10,10,0,0,0,0,0,0,0,0,0,0,0,0,0,0,0,0,0,0,0,0
68.240074,76.011905,74.7078,79.168708,84.846108,95.011928,85.830665,80.044879,72.770764,59.92331,64.230708,62.013905,60.182207,55.093978,56.066865,44.753175,45.232521,39.69239,39.101091,39.101091,119.113157,116.68636,114.550216,111.090611,106.986353,116.476917,116.861389,108.8437,99.739471,93.696257,93.268453,84.527243,86.609036,89.69912,64.25963,65.329589,56.91594,64.291464,64.413331,64.413331,0,0,0,0,0,0,0,0,0,0,0,0,0,0,0,0,0,0,0,0,10,10,10,10,10,10,10,10,10,10,10,10,10,10,10,10,10,10,10,10,0,0,0,0,0,0,0,0,0,0,0,0,0,0,0,0,0,0,0,0
84.202749,82.497569,82.497569,82.497569,82.497569,82.497569,82.497569,82.497569,82.497569,82.497569,82.497569,82.497569,82.497569,82.497569,82.497569,82.497569,82.497569,82.497569,82.497569,82.497569,115.12462,107.612673,107.612673,107.612673,107.612673,107.612673,107.612673,107.612673,107.612673,107.612673,107.612673,107.612673,107.612673,107.612673,107.612673,107.612673,107.612673,107.612673,107.612673,107.612673,0,0,0,0,0,0,0,0,0,0,0,0,0,0,0,0,0,0,0,0,10,10,10,10,10,10,10,10,10,10,10,10,10,10,10,10,10,10,10,10,0,0,0,0,0,0,0,0,0,0,0,0,0,0,0,0,0,0,0,0
36.178686,31.974297,28.125986,24.0,24.0,24.0,24.0,24.0,24.0,24.0,24.0,24.0,24.0,24.0,24.0,24.0,24.0,24.0,24.0,24.0,124.751383,120.970461,124.885513,127.0,127.0,127.0,127.0,127.0,127.0,127.0,127.0,127.0,127.0,127.0,127.0,127.0,127.0,127.0,127.0,127.0,0,0,0,0,0,0,0,0,0,0,0,0,0,0,0,0,0,0,0,0,10,10,10,10,10,10,10,10,10,10,10,10,10,10,10,10,10,10,10,10,0,0,0,0,0,0,0,0,0,0,0,0,0,0,0,0,0,0,0,0
0.0,0.0,1.982535,0.0,2.732115,1.861016,1.861016,1.861016,1.861016,1.861016,1.861016,1.861016,1.861016,1.861016,1.861016,1.861016,1.861016,1.861016,1.861016,1.861016,124.0,115.0,123.258626,115.0,122.681882,122.875536,122.875536,122.875536,122.875536,122.875536,122.875536,122.875536,122.875536,122.875536,122.875536,122.875536,122.875536,122.875536,122.875536,122.875536,0,0,0,0,0,0,0,0,0,0,0,0,0,0,0,0,0,0,0,0,10,10,10,10,10,10,10,10,10,10,10,10,10,10,10,10,10,10,10,10,0,0,0,0,0,0,0,0,0,0,0,0,0,0,0,0,0,0,0,0
63.107763,56.09294,56.09294,56.09294,56.09294,56.09294,56.09294,56.09294,56.09294,56.09294,56.09294,56.09294,56.09294,56.09294,56.09294,56.09294,56.09294,56.09294,56.09294,56.09294,21.109338,13.242318,13.242318,13.242318,13.242318,13.242318,13.242318,13.242318,13.242318,13.242318,13.242318,13.242318,13.242318,13.242318,13.242318,13.242318,13.242318,13.242318,13.242318,13.242318,0,0,0,0,0,0,0,0,0,0,0,0,0,0,0,0,0,0,0,0,10,10,10,10,10,10,10,10,10,10,10,10,10,10,10,10,10,10,10,10,0,0,0,0,0,0,0,0,0,0,0,0,0,0,0,0,0,0,0,0
21.318158,17.520078,6.643114,7.784579,12.922521,18.758564,10.042077,13.151469,23.074159,23.074159,23.074159,23.074159,23.074159,23.074159,23.074159,23.074159,23.074159,23.074159,23.074159,23.074159,70.113837,71.844578,62.960046,59.291272,69.21815,62.204797,60.197755,53.112979,47.216104,47.216104,47.216104,47.216104,47.216104,47.216104,47.216104,47.216104,47.216104,47.216104,47.216104,47.216104,0,0,0,0,0,0,0,0,0,0,0,0,0,0,0,0,0,0,0,0,10,10,10,10,10,10,10,10,10,10,10,10,10,10,10,10,10,10,10,10,0,0,0,0,0,0,0,0,0,0,0,0,0,0,0,0,0,0,0,0
122.615914,127.0,119.53078,119.53078,119.53078,119.53078,119.53078,119.53078,119.53078,119.53078,119.53078,119.53078,119.53078,119.53078,119.53078,119.53078,119.53078,119.53078,119.53078,119.53078,80.796744,77.0,85.859932,85.859932,85.859932,85.859932,85.859932,85.859932,85.859932,85.859932,85.859932,85.859932,85.859932,85.859932,85.859932,85.859932,85.859932,85.859932,85.859932,85.859932,0,0,0,0,0,0,0,0,0,0,0,0,0,0,0,0,0,0,0,0,10,10,10,10,10,10,10,10,10,10,10,10,10,10,10,10,10,10,10,10,0,0,0,0,0,0,0,0,0,0,0,0,0,0,0,0,0,0,0,0
69.900474,79.019295,91.348631,96.860857,96.860857,96.860857,96.860857,96.860857,96.860857,96.860857,96.860857,96.860857,96.860857,96.860857,96.860857,96.860857,96.860857,96.860857,96.860857,96.860857,80.151565,89.578055,86.514779,94.036686,94.036686,94.036686,94.036686,94.036686,94.036686,94.036686,94.036686,94.036686,94.036686,94.036686,94.036686,94.036686,94.036686,94.036686,94.036686,94.036686,0,0,0,0,0,0,0,0,0,0,0,0,0,0,0,0,0,0,0,0,10,10,10,10,10,10,10,10,10,10,10,10,10,10,10,10,10,10,10,10,0,0,0,0,0,0,0,0,0,0,0,0,0,0,0,0,0,0,0,0
52.164313,55.67069,63.917512,63.917512,63.917512,63.917512,63.917512,63.917512,63.917512,63.917512,63.917512,63.917512,63.917512,63.917512,63.917512,63.917512,63.917512,63.917512,63.917512,63.917512,122.369281,116.097325,113.493964,113.493964,113.493964,113.493964,113.493964,113.493964,113.493964,113.493964,113.493964,113.493964,113.493964,113.493964,113.493964,113.493964,113.493964,113.493964,113.493964,113.493964,0,0,0,0,0,0,0,0,0,0,0,0,0,0,0,0,0,0,0,0,10,10,10,10,10,10,10,10,10,10,10,10,10,10,10,10,10,10,10,10,0,0,0,0,0,0,0,0,0,0,0,0,0,0,0,0,0,0,0,0
47.019993,34.651745,34.651745,34.651745,34.651745,34.651745,34.651745,34.651745,34.651745,34.651745,34.651745,34.651745,34.651745,34.651745,34.651745,34.651745,34.651745,34.651745,34.651745,34.651745,56.189078,57.958907,57.958907,57.958907,57.958907,57.958907,57.958907,57.958907,57.958907,57.958907,57.958907,57.958907,57.958907,57.958907,57.958907,57.958907,57.958907,57.958907,57.958907,57.958907,0,0,0,0,0,0,0,0,0,0,0,0,0,0,0,0,0,0,0,0,10,10,10,10,10,10,10,10,10,10,10,10,10,10,10,10,10,10,10,10,0,0,0,0,0,0,0,0,0,0,0,0,0,0,0,0,0,0,0,0
68.539563,72.220273,75.489033,80.628054,83.117941,83.141149,82.908028,82.204896,78.670961,81.428291,79.966088,79.148761,77.900719,77.90892,77.298188,76.745148,76.074799,75.241402,74.069471,73.966384,78.162196,92.278055,65.333983,92.996997,70.797201,94.507002,64.099436,67.902774,76.85453,66.875074,77.881956,58.859872,73.897474,59.769776,69.033855,62.715926,58.16512,64.045305,61.24934,70.990777,60.831428,61.150959,60.451817,60.63062,60.045135,63.093895,60.626703,75.352043,59.894138,59.159656,58.269872,63.812745,58.529257,62.645217,64.717914,56.871,56.990731,56.2782,60.838577,55.412337,55.207386,54.726912,55.023106,54.369999,62.406584,53.71891,53.190119,52.713942,52.033419,51.047216,50.935585,48.936247,47.238702,50.082404,49.988353,50.593861,47.115867,50.982679,51.339798,51.408988,52.373786,42.053269,38.569489,35.044052,21.080832,28.592618,51.785282,27.941182,52.058622,52.354072,25.331419,52.76607,51.776173,47.785646,57.659607,50.040968,60.136567,63.603911,71.0,74.870355,50.713607,97.00416,89.210212,90.82694,76.889263,72.844054,73.032229,72.992336,72.973639,84.911117,72.771246,71.96693,72.511841,72.699358,72.968238,73.426117,73.344757,73.997139,72.888304,72.706128,72.131911,65.953801,89.131118,65.898082,85.196865,60.643831,82.846397,58.154891,74.437763,58.977345,74.946398,53.43585,57.661183,39.524108,57.358831,37.97175,76.728537,63.118955,61.924507,76.040416,70.821855,75.829592,75.375332,75.17906,75.519763,75.073245,70.778576,75.63165,77.918387,75.748867,76.177506,76.050666,86.225922,76.277876,80.064068,81.962753,78.098858,77.597725,78.208012,84.49092,80.008867,80.213417,80.241912,80.135319,79.879837,87.365086,80.989289,81.110626,81.047494,81.769479,82.135444,82.081547,76.704615,68.898114,83.738487,83.590256,83.484934,61.98171,84.945989,85.512656,86.006404,86.788362,89.781234,77.86675,80.766605,77.128887,78.289635,90.97078,84.046879,91.469076,84.357626,83.641412,93.015631,82.856231,82.758309,83.0377,85.962789,87.774457,89.922223,83.0,77.005238,78.543859,0,0,0,0,0,0,0,0,0,0,0,0,0,0,0,0,0,0,0,0,0,0,0,0,0,0,0,0,0,0,0,0,0,0,0,0,0,0,0,0,0,0,0,0,0,0,0,0,0,0,0,0,0,0,0,0,0,0,0,0,0,0,0,0,0,0,0,0,0,0,0,0,0,0,0,0,0,0,0,0,0,0,0,0,0,0,0,0,0,0,0,0,0,0,0,0,0,0,0,0,0,10,10,10,10,10,10,10,10,10,10,10,10,10,10,10,10,10,10,10,10,10,10,10,10,10,10,10,10,10,10,10,10,10,10,10,10,10,10,10,10,10,10,10,10,10,10,10,10,10,10,10,10,10,10,10,10,10,10,10,10,10,10,10,10,10,10,10,10,10,10,10,10,10,10,10,10,10,10,10,10,10,10,10,10,10,10,10,10,10,10,10,10,10,10,10,10,10,10,10,10,10,0,0,0,0,0,0,0,0,0,0,0,0,0,0,0,0,0,0,0,0,0,0,0,0,0,0,0,0,0,0,0,0,0,0,0,0,0,0,0,0,0,0,0,0,0,0,0,0,0,0,0,0,0,0,0,0,0,0,0,0,0,0,0,0,0,0,0,0,0,0,0,0,0,0,0,0,0,0,0,0,0,0,0,0,0,0,0,0,0,0,0,0,0,0,0,0,0,0,0,0,0
102.518166,107.90962,107.90962,107.90962,107.90962,107.90962,107.90962,107.90962,107.90962,107.90962,107.90962,107.90962,107.90962,107.90962,107.90962,107.90962,107.90962,107.90962,107.90962,107.90962,95.247851,90.597599,90.597599,90.597599,90.597599,90.597599,90.597599,90.597599,90.597599,90.597599,90.597599,90.597599,90.597599,90.597599,90.597599,90.597599,90.597599,90.597599,90.597599,90.597599,0,0,0,0,0,0,0,0,0,0,0,0,0,0,0,0,0,0,0,0,10,10,10,10,10,10,10,10,10,10,10,10,10,10,10,10,10,10,10,10,0,0,0,0,0,0,0,0,0,0,0,0,0,0,0,0,0,0,0,0
57.088378,51.981033,51.598938,46.089604,58.121949,46.081112,38.067342,39.094818,39.094818,39.094818,39.094818,39.094818,39.094818,39.094818,39.094818,39.094818,39.094818,39.094818,39.094818,39.094818,86.025148,97.076472,83.888197,79.814597,72.031479,68.66622,60.171453,62.955554,62.955554,62.955554,62.955554,62.955554,62.955554,62.955554,62.955554,62.955554,62.955554,62.955554,62.955554,62.955554,0,0,0,0,0,0,0,0,0,0,0,0,0,0,0,0,0,0,0,0,10,10,10,10,10,10,10,10,10,10,10,10,10,10,10,10,10,10,10,10,0,0,0,0,0,0,0,0,0,0,0,0,0,0,0,0,0,0,0,0
11.533491,10.911429,10.911429,10.911429,10.911429,10.911429,10.911429,10.911429,10.911429,10.911429,10.911429,10.911429,10.911429,10.911429,10.911429,10.911429,10.911429,10.911429,10.911429,10.911429,90.111129,92.015672,92.015672,92.015672,92.015672,92.015672,92.015672,92.015672,92.015672,92.015672,92.015672,92.015672,92.015672,92.015672,92.015672,92.015672,92.015672,92.015672,92.015672,92.015672,0,0,0,0,0,0,0,0,0,0,0,0,0,0,0,0,0,0,0,0,10,10,10,10,10,10,10,10,10,10,10,10,10,10,10,10,10,10,10,10,0,0,0,0,0,0,0,0,0,0,0,0,0,0,0,0,0,0,0,0
111.286873,111.784922,113.876426,121.623978,121.623978,121.623978,121.623978,121.623978,121.623978,121.623978,121.623978,121.623978,121.623978,121.623978,121.623978,121.623978,121.623978,121.623978,121.623978,121.623978,87.124024,87.446499,92.476757,95.251377,95.251377,95.251377,95.251377,95.251377,95.251377,95.251377,95.251377,95.251377,95.251377,95.251377,95.251377,95.251377,95.251377,95.251377,95.251377,95.251377,0,0,0,0,0,0,0,0,0,0,0,0,0,0,0,0,0,0,0,0,10,10,10,10,10,10,10,10,10,10,10,10,10,10,10,10,10,10,10,10,0,0,0,0,0,0,0,0,0,0,0,0,0,0,0,0,0,0,0,0
4.474828,10.0,10.0,10.0,10.0,10.0,10.0,10.0,10.0,10.0,10.0,10.0,10.0,10.0,10.0,10.0,10.0,10.0,10.0,10.0,8.935421,0.0,0.0,0.0,0.0,0.0,0.0,0.0,0.0,0.0,0.0,0.0,0.0,0.0,0.0,0.0,0.0,0.0,0.0,0.0,0,0,0,0,0,0,0,0,0,0,0,0,0,0,0,0,0,0,0,0,10,10,10,10,10,10,10,10,10,10,10,10,10,10,10,10,10,10,10,10,0,0,0,0,0,0,0,0,0,0,0,0,0,0,0,0,0,0,0,0
9.489579,4.37744,4.37744,4.37744,4.37744,4.37744,4.37744,4.37744,4.37744,4.37744,4.37744,4.37744,4.37744,4.37744,4.37744,4.37744,4.37744,4.37744,4.37744,4.37744,83.850251,77.467492,77.467492,77.467492,77.467492,77.467492,77.467492,77.467492,77.467492,77.467492,77.467492,77.467492,77.467492,77.467492,77.467492,77.467492,77.467492,77.467492,77.467492,77.467492,0,0,0,0,0,0,0,0,0,0,0,0,0,0,0,0,0,0,0,0,10,10,10,10,10,10,10,10,10,10,10,10,10,10,10,10,10,10,10,10,0,0,0,0,0,0,0,0,0,0,0,0,0,0,0,0,0,0,0,0
108.945673,108.049899,102.040177,102.053701,102.712792,101.863658,101.484577,127.0,127.0,122.022909,119.318103,122.72777,118.753885,121.080617,104.995484,107.003694,113.160078,113.160078,113.160078,113.160078,26.012029,17.349036,9.122464,19.817357,27.023088,21.15136,12.212154,32.0,46.0,53.823616,41.022992,39.818163,48.386922,46.064636,39.149559,44.022202,39.434727,39.434727,39.434727,39.434727,0,0,0,0,0,0,0,0,0,0,0,0,0,0,0,0,0,0,0,0,10,10,10,10,10,10,10,10,10,10,10,10,10,10,10,10,10,10,10,10,0,0,0,0,0,0,0,0,0,0,0,0,0,0,0,0,0,0,0,0
112.173052,116.622851,112.079476,113.933938,103.73277,114.269771,101.210934,108.962499,99.774345,104.205133,104.205133,104.205133,104.205133,104.205133,104.205133,104.205133,104.205133,104.205133,104.205133,104.205133,106.498178,111.342759,111.104662,113.022626,110.116359,108.092952,112.103826,110.247377,108.146417,101.34037,101.34037,101.34037,101.34037,101.34037,101.34037,101.34037,101.34037,101.34037,101.34037,101.34037,0,0,0,0,0,0,0,0,0,0,0,0,0,0,0,0,0,0,0,0,10,10,10,10,10,10,10,10,10,10,10,10,10,10,10,10,10,10,10,10,0,0,0,0,0,0,0,0,0,0,0,0,0,0,0,0,0,0,0,0
122.674747,123.215274,123.215274,123.215274,123.215274,123.215274,123.215274,123.215274,123.215274,123.215274,123.215274,123.215274,123.215274,123.215274,123.215274,123.215274,123.215274,123.215274,123.215274,123.215274,101.170719,104.877598,104.877598,104.877598,104.877598,104.877598,104.877598,104.877598,104.877598,104.877598,104.877598,104.877598,104.877598,104.877598,104.877598,104.877598,104.877598,104.877598,104.877598,104.877598,0,0,0,0,0,0,0,0,0,0,0,0,0,0,0,0,0,0,0,0,10,10,10,10,10,10,10,10,10,10,10,10,10,10,10,10,10,10,10,10,0,0,0,0,0,0,0,0,0,0,0,0,0,0,0,0,0,0,0,0
38.960011,28.103619,29.120277,28.021415,28.021415,28.021415,28.021415,28.021415,28.021415,28.021415,28.021415,28.021415,28.021415,28.021415,28.021415,28.021415,28.021415,28.021415,28.021415,28.021415,35.893677,42.134683,45.485502,40.437597,40.437597,40.437597,40.437597,40.437597,40.437597,40.437597,40.437597,40.437597,40.437597,40.437597,40.437597,40.437597,40.437597,40.437597,40.437597,40.437597,0,0,0,0,0,0,0,0,0,0,0,0,0,0,0,0,0,0,0,0,10,10,10,10,10,10,10,10,10,10,10,10,10,10,10,10,10,10,10,10,0,0,0,0,0,0,0,0,0,0,0,0,0,0,0,0,0,0,0,0
83.07989,87.04708,91.695852,91.695852,91.695852,91.695852,91.695852,91.695852,91.695852,91.695852,91.695852,91.695852,91.695852,91.695852,91.695852,91.695852,91.695852,91.695852,91.695852,91.695852,45.157216,53.469528,51.212472,51.212472,51.212472,51.212472,51.212472,51.212472,51.212472,51.212472,51.212472,51.212472,51.212472,51.212472,51.212472,51.212472,51.212472,51.212472,51.212472,51.212472,0,0,0,0,0,0,0,0,0,0,0,0,0,0,0,0,0,0,0,0,10,10,10,10,10,10,10,10,10,10,10,10,10,10,10,10,10,10,10,10,0,0,0,0,0,0,0,0,0,0,0,0,0,0,0,0,0,0,0,0
57.134628,52.576929,53.319117,53.319117,53.319117,53.319117,53.319117,53.319117,53.319117,53.319117,53.319117,53.319117,53.319117,53.319117,53.319117,53.319117,53.319117,53.319117,53.319117,53.319117,119.868131,124.091354,115.806905,115.806905,115.806905,115.806905,115.806905,115.806905,115.806905,115.806905,115.806905,115.806905,115.806905,115.806905,115.806905,115.806905,115.806905,115.806905,115.806905,115.806905,0,0,0,0,0,0,0,0,0,0,0,0,0,0,0,0,0,0,0,0,10,10,10,10,10,10,10,10,10,10,10,10,10,10,10,10,10,10,10,10,0,0,0,0,0,0,0,0,0,0,0,0,0,0,0,0,0,0,0,0
85.030556,82.092947,79.554015,79.202948,79.202948,79.202948,79.202948,79.202948,79.202948,79.202948,79.202948,79.202948,79.202948,79.202948,79.202948,79.202948,79.202948,79.202948,79.202948,79.202948,35.765413,31.12734,40.508434,47.266011,47.266011,47.266011,47.266011,47.266011,47.266011,47.266011,47.266011,47.266011,47.266011,47.266011,47.266011,47.266011,47.266011,47.266011,47.266011,47.266011,0,0,0,0,0,0,0,0,0,0,0,0,0,0,0,0,0,0,0,0,10,10,10,10,10,10,10,10,10,10,10,10,10,10,10,10,10,10,10,10,0,0,0,0,0,0,0,0,0,0,0,0,0,0,0,0,0,0,0,0
62.364335,66.944661,70.803693,69.812433,74.49551,83.270353,75.111815,78.159973,78.159973,78.159973,78.159973,78.159973,78.159973,78.159973,78.159973,78.159973,78.159973,78.159973,78.159973,78.159973,105.792169,106.1119,112.872544,105.952829,110.760971,114.460437,113.203576,117.242583,117.242583,117.242583,117.242583,117.242583,117.242583,117.242583,117.242583,117.242583,117.242583,117.242583,117.242583,117.242583,0,0,0,0,0,0,0,0,0,0,0,0,0,0,0,0,0,0,0,0,10,10,10,10,10,10,10,10,10,10,10,10,10,10,10,10,10,10,10,10,0,0,0,0,0,0,0,0,0,0,0,0,0,0,0,0,0,0,0,0
18.902911,19.996704,20.206486,14.977533,31.497756,31.497756,31.497756,31.497756,31.497756,31.497756,31.497756,31.497756,31.497756,31.497756,31.497756,31.497756,31.497756,31.497756,31.497756,31.497756,18.975663,6.528499,14.802998,8.063948,14.781684,14.781684,14.781684,14.781684,14.781684,14.781684,14.781684,14.781684,14.781684,14.781684,14.781684,14.781684,14.781684,14.781684,14.781684,14.781684,0,0,0,0,0,0,0,0,0,0,0,0,0,0,0,0,0,0,0,0,10,10,10,10,10,10,10,10,10,10,10,10,10,10,10,10,10,10,10,10,0,0,0,0,0,0,0,0,0,0,0,0,0,0,0,0,0,0,0,0
117.243395,114.891672,114.891672,114.891672,114.891672,114.891672,114.891672,114.891672,114.891672,114.891672,114.891672,114.891672,114.891672,114.891672,114.891672,114.891672,114.891672,114.891672,114.891672,114.891672,80.112729,87.964735,87.964735,87.964735,87.964735,87.964735,87.964735,87.964735,87.964735,87.964735,87.964735,87.964735,87.964735,87.964735,87.964735,87.964735,87.964735,87.964735,87.964735,87.964735,0,0,0,0,0,0,0,0,0,0,0,0,0,0,0,0,0,0,0,0,10,10,10,10,10,10,10,10,10,10,10,10,10,10,10,10,10,10,10,10,0,0,0,0,0,0,0,0,0,0,0,0,0,0,0,0,0,0,0,0
65.104827,76.714452,74.139186,74.47296,68.387642,71.086832,76.022394,69.841771,70.966948,73.856255,64.830557,63.985032,77.993111,74.0,74.0,74.0,74.0,74.0,74.0,74.0,7.385591,13.102199,12.770717,9.255661,5.507163,21.156313,25.837416,30.746687,13.796995,5.053892,4.104337,3.524161,7.153726,0.0,0.0,0.0,0.0,0.0,0.0,0.0,0,0,0,0,0,0,0,0,0,0,0,0,0,0,0,0,0,0,0,0,10,10,10,10,10,10,10,10,10,10,10,10,10,10,10,10,10,10,10,10,0,0,0,0,0,0,0,0,0,0,0,0,0,0,0,0,0,0,0,0
71.0,64.236778,77.104643,78.0,73.782355,61.814437,56.336818,67.022413,67.022413,67.022413,67.022413,67.022413,67.022413,67.022413,67.022413,67.022413,67.022413,67.022413,67.022413,67.022413,127.0,120.179099,122.698201,127.0,122.070505,120.199854,115.004757,123.901569,123.901569,123.901569,123.901569,123.901569,123.901569,123.901569,123.901569,123.901569,123.901569,123.901569,123.901569,123.901569,0,0,0,0,0,0,0,0,0,0,0,0,0,0,0,0,0,0,0,0,10,10,10,10,10,10,10,10,10,10,10,10,10,10,10,10,10,10,10,10,0,0,0,0,0,0,0,0,0,0,0,0,0,0,0,0,0,0,0,0
90.0,104.417676,93.0,93.0,93.0,93.0,93.0,93.0,93.0,93.0,93.0,93.0,93.0,93.0,93.0,93.0,93.0,93.0,93.0,93.0,0.0,3.149883,0.0,0.0,0.0,0.0,0.0,0.0,0.0,0.0,0.0,0.0,0.0,0.0,0.0,0.0,0.0,0.0,0.0,0.0,0,0,0,0,0,0,0,0,0,0,0,0,0,0,0,0,0,0,0,0,10,10,10,10,10,10,10,10,10,10,10,10,10,10,10,10,10,10,10,10,0,0,0,0,0,0,0,0,0,0,0,0,0,0,0,0,0,0,0,0
24.859121,20.827291,14.669127,21.834679,12.855968,19.73359,15.080162,22.331491,16.888681,16.35901,18.445146,22.735962,25.1812,27.273092,20.924546,31.948422,25.078433,34.744489,26.113376,22.091712,23.222539,29.23724,64.417127,65.197044,67.171144,66.904935,57.831597,65.227258,72.184373,82.454487,68.996399,72.178007,74.340975,85.021477,79.154573,78.862023,87.087554,90.713112,100.043169,91.965897,95.983059,91.176324,97.154205,96.170691,0,0,0,0,0,0,0,0,0,0,0,0,0,0,0,0,0,0,0,0,0,0,10,10,10,10,10,10,10,10,10,10,10,10,10,10,10,10,10,10,10,10,10,10,0,0,0,0,0,0,0,0,0,0,0,0,0,0,0,0,0,0,0,0,0,0
82.0,80.194933,86.025313,86.025313,86.025313,86.025313,86.025313,86.025313,86.025313,86.025313,86.025313,86.025313,86.025313,86.025313,86.025313,86.025313,86.025313,86.025313,86.025313,86.025313,0.0,11.048937,6.958074,6.958074,6.958074,6.958074,6.958074,6.958074,6.958074,6.958074,6.958074,6.958074,6.958074,6.958074,6.958074,6.958074,6.958074,6.958074,6.958074,6.958074,0,0,0,0,0,0,0,0,0,0,0,0,0,0,0,0,0,0,0,0,10,10,10,10,10,10,10,10,10,10,10,10,10,10,10,10,10,10,10,10,0,0,0,0,0,0,0,0,0,0,0,0,0,0,0,0,0,0,0,0
7.511993,13.787898,13.787898,13.787898,13.787898,13.787898,13.787898,13.787898,13.787898,13.787898,13.787898,13.787898,13.787898,13.787898,13.787898,13.787898,13.787898,13.787898,13.787898,13.787898,92.544387,80.789062,80.789062,80.789062,80.789062,80.789062,80.789062,80.789062,80.789062,80.789062,80.789062,80.789062,80.789062,80.789062,80.789062,80.789062,80.789062,80.789062,80.789062,80.789062,0,0,0,0,0,0,0,0,0,0,0,0,0,0,0,0,0,0,0,0,10,10,10,10,10,10,10,10,10,10,10,10,10,10,10,10,10,10,10,10,0,0,0,0,0,0,0,0,0,0,0,0,0,0,0,0,0,0,0,0
2.846912,3.211436,4.81525,0.0,0.0,0.0,3.08818,3.08818,3.08818,3.08818,3.08818,3.08818,3.08818,3.08818,3.08818,3.08818,3.08818,3.08818,3.08818,3.08818,41.999393,37.146792,33.855311,37.0,47.0,51.0,62.869554,62.869554,62.869554,62.869554,62.869554,62.869554,62.869554,62.869554,62.869554,62.869554,62.869554,62.869554,62.869554,62.869554,0,0,0,0,0,0,0,0,0,0,0,0,0,0,0,0,0,0,0,0,10,10,10,10,10,10,10,10,10,10,10,10,10,10,10,10,10,10,10,10,0,0,0,0,0,0,0,0,0,0,0,0,0,0,0,0,0,0,0,0
20.189624,16.730352,26.137924,29.0,25.694169,25.333005,25.333005,25.333005,25.333005,25.333005,25.333005,25.333005,25.333005,25.333005,25.333005,25.333005,25.333005,25.333005,25.333005,25.333005,115.252238,121.211883,121.258865,127.0,117.911054,114.01999,114.01999,114.01999,114.01999,114.01999,114.01999,114.01999,114.01999,114.01999,114.01999,114.01999,114.01999,114.01999,114.01999,114.01999,0,0,0,0,0,0,0,0,0,0,0,0,0,0,0,0,0,0,0,0,10,10,10,10,10,10,10,10,10,10,10,10,10,10,10,10,10,10,10,10,0,0,0,0,0,0,0,0,0,0,0,0,0,0,0,0,0,0,0,0
69.14953,69.589902,76.909236,76.909236,76.909236,76.909236,76.909236,76.909236,76.909236,76.909236,76.909236,76.909236,76.909236,76.909236,76.909236,76.909236,76.909236,76.909236,76.909236,76.909236,92.107986,85.244365,97.080472,97.080472,97.080472,97.080472,97.080472,97.080472,97.080472,97.080472,97.080472,97.080472,97.080472,97.080472,97.080472,97.080472,97.080472,97.080472,97.080472,97.080472,0,0,0,0,0,0,0,0,0,0,0,0,0,0,0,0,0,0,0,0,10,10,10,10,10,10,10,10,10,10,10,10,10,10,10,10,10,10,10,10,0,0,0,0,0,0,0,0,0,0,0,0,0,0,0,0,0,0,0,0
88.714526,102.0,106.878761,107.101479,107.303798,107.049557,107.329939,107.12657,107.142838,107.571648,107.71007,107.615885,107.052427,107.12981,107.163606,106.968773,106.566516,106.015557,105.898149,97.89585,105.896163,105.819766,108.783133,101.118886,106.236879,105.989415,97.803131,105.956899,105.843515,106.0,106.0,106.0,105.944178,106.022649,105.937012,106.247761,106.0,106.172294,106.401791,106.522318,106.637799,111.798371,106.238263,110.937225,102.067737,110.606936,123.837762,127.0,124.201099,124.034591,124.405274,123.87238,124.269638,124.693445,124.790202,124.852858,124.219798,124.34682,124.594871,124.22708,124.457232,124.597857,126.132004,125.203406,125.949826,122.1363,125.361855,125.205596,116.800418,114.088671,125.262795,125.704517,105.656922,125.981632,125.637676,127.0,127.0,127.0,126.427594,125.479539,126.46248,126.118214,127.0,126.288691,126.395904,126.1786,126.065142,121.417875,120.10779,122.401393,106.233904,112.61647,0,0,0,0,0,0,0,0,0,0,0,0,0,0,0,0,0,0,0,0,0,0,0,0,0,0,0,0,0,0,0,0,0,0,0,0,0,0,0,0,0,0,0,0,0,0,10,10,10,10,10,10,10,10,10,10,10,10,10,10,10,10,10,10,10,10,10,10,10,10,10,10,10,10,10,10,10,10,10,10,10,10,10,10,10,10,10,10,10,10,10,10,0,0,0,0,0,0,0,0,0,0,0,0,0,0,0,0,0,0,0,0,0,0,0,0,0,0,0,0,0,0,0,0,0,0,0,0,0,0,0,0,0,0,0,0,0,0
53.58696,49.183717,49.290637,59.117843,57.409235,37.079008,41.379928,49.545398,55.036092,45.865928,56.570717,51.559566,50.588485,58.81283,58.81283,58.81283,58.81283,58.81283,58.81283,58.81283,25.572435,28.723954,21.12936,25.015186,24.775861,30.293314,31.611935,26.450487,33.755672,35.073591,37.651736,42.078557,43.291021,48.276132,48.276132,48.276132,48.276132,48.276132,48.276132,48.276132,0,0,0,0,0,0,0,0,0,0,0,0,0,0,0,0,0,0,0,0,10,10,10,10,10,10,10,10,10,10,10,10,10,10,10,10,10,10,10,10,0,0,0,0,0,0,0,0,0,0,0,0,0,0,0,0,0,0,0,0
3.200931,3.750277,0.0,0.0,4.902351,4.902351,4.902351,4.902351,4.902351,4.902351,4.902351,4.902351,4.902351,4.902351,4.902351,4.902351,4.902351,4.902351,4.902351,4.902351,99.871471,103.16229,112.0,108.0,88.802955,88.802955,88.802955,88.802955,88.802955,88.802955,88.802955,88.802955,88.802955,88.802955,88.802955,88.802955,88.802955,88.802955,88.802955,88.802955,0,0,0,0,0,0,0,0,0,0,0,0,0,0,0,0,0,0,0,0,10,10,10,10,10,10,10,10,10,10,10,10,10,10,10,10,10,10,10,10,0,0,0,0,0,0,0,0,0,0,0,0,0,0,0,0,0,0,0,0
46.519777,48.055632,40.107166,40.107166,40.107166,40.107166,40.107166,40.107166,40.107166,40.107166,40.107166,40.107166,40.107166,40.107166,40.107166,40.107166,40.107166,40.107166,40.107166,40.107166,36.403266,39.134344,39.326471,39.326471,39.326471,39.326471,39.326471,39.326471,39.326471,39.326471,39.326471,39.326471,39.326471,39.326471,39.326471,39.326471,39.326471,39.326471,39.326471,39.326471,0,0,0,0,0,0,0,0,0,0,0,0,0,0,0,0,0,0,0,0,10,10,10,10,10,10,10,10,10,10,10,10,10,10,10,10,10,10,10,10,0,0,0,0,0,0,0,0,0,0,0,0,0,0,0,0,0,0,0,0
42.482506,42.922902,34.107109,42.094662,42.094662,42.094662,42.094662,42.094662,42.094662,42.094662,42.094662,42.094662,42.094662,42.094662,42.094662,42.094662,42.094662,42.094662,42.094662,42.094662,118.262774,118.23502,109.679612,118.823937,118.823937,118.823937,118.823937,118.823937,118.823937,118.823937,118.823937,118.823937,118.823937,118.823937,118.823937,118.823937,118.823937,118.823937,118.823937,118.823937,0,0,0,0,0,0,0,0,0,0,0,0,0,0,0,0,0,0,0,0,10,10,10,10,10,10,10,10,10,10,10,10,10,10,10,10,10,10,10,10,0,0,0,0,0,0,0,0,0,0,0,0,0,0,0,0,0,0,0,0
50.830281,53.236332,45.063728,42.05494,42.05494,42.05494,42.05494,42.05494,42.05494,42.05494,42.05494,42.05494,42.05494,42.05494,42.05494,42.05494,42.05494,42.05494,42.05494,42.05494,12.238218,17.273161,11.629476,4.792247,4.792247,4.792247,4.792247,4.792247,4.792247,4.792247,4.792247,4.792247,4.792247,4.792247,4.792247,4.792247,4.792247,4.792247,4.792247,4.792247,0,0,0,0,0,0,0,0,0,0,0,0,0,0,0,0,0,0,0,0,10,10,10,10,10,10,10,10,10,10,10,10,10,10,10,10,10,10,10,10,0,0,0,0,0,0,0,0,0,0,0,0,0,0,0,0,0,0,0,0
51.125271,56.292193,48.208612,48.208612,48.208612,48.208612,48.208612,48.208612,48.208612,48.208612,48.208612,48.208612,48.208612,48.208612,48.208612,48.208612,48.208612,48.208612,48.208612,48.208612,91.093788,91.149867,95.72846,95.72846,95.72846,95.72846,95.72846,95.72846,95.72846,95.72846,95.72846,95.72846,95.72846,95.72846,95.72846,95.72846,95.72846,95.72846,95.72846,95.72846,0,0,0,0,0,0,0,0,0,0,0,0,0,0,0,0,0,0,0,0,10,10,10,10,10,10,10,10,10,10,10,10,10,10,10,10,10,10,10,10,0,0,0,0,0,0,0,0,0,0,0,0,0,0,0,0,0,0,0,0
127.0,124.107369,124.181516,124.181516,124.181516,124.181516,124.181516,124.181516,124.181516,124.181516,124.181516,124.181516,124.181516,124.181516,124.181516,124.181516,124.181516,124.181516,124.181516,124.181516,105.0,103.355232,114.709365,114.709365,114.709365,114.709365,114.709365,114.709365,114.709365,114.709365,114.709365,114.709365,114.709365,114.709365,114.709365,114.709365,114.709365,114.709365,114.709365,114.709365,0,0,0,0,0,0,0,0,0,0,0,0,0,0,0,0,0,0,0,0,10,10,10,10,10,10,10,10,10,10,10,10,10,10,10,10,10,10,10,10,0,0,0,0,0,0,0,0,0,0,0,0,0,0,0,0,0,0,0,0
127.0,116.854152,116.854152,116.854152,116.854152,116.854152,116.854152,116.854152,116.854152,116.854152,116.854152,116.854152,116.854152,116.854152,116.854152,116.854152,116.854152,116.854152,116.854152,116.854152,24.0,17.875773,17.875773,17.875773,17.875773,17.875773,17.875773,17.875773,17.875773,17.875773,17.875773,17.875773,17.875773,17.875773,17.875773,17.875773,17.875773,17.875773,17.875773,17.875773,0,0,0,0,0,0,0,0,0,0,0,0,0,0,0,0,0,0,0,0,10,10,10,10,10,10,10,10,10,10,10,10,10,10,10,10,10,10,10,10,0,0,0,0,0,0,0,0,0,0,0,0,0,0,0,0,0,0,0,0
18.281857,16.817821,14.787191,14.787191,14.787191,14.787191,14.787191,14.787191,14.787191,14.787191,14.787191,14.787191,14.787191,14.787191,14.787191,14.787191,14.787191,14.787191,14.787191,14.787191,95.609307,87.526877,83.982708,83.982708,83.982708,83.982708,83.982708,83.982708,83.982708,83.982708,83.982708,83.982708,83.982708,83.982708,83.982708,83.982708,83.982708,83.982708,83.982708,83.982708,0,0,0,0,0,0,0,0,0,0,0,0,0,0,0,0,0,0,0,0,10,10,10,10,10,10,10,10,10,10,10,10,10,10,10,10,10,10,10,10,0,0,0,0,0,0,0,0,0,0,0,0,0,0,0,0,0,0,0,0
16.217702,21.155073,25.399667,26.317965,22.389215,20.776116,12.802411,26.820953,20.835248,20.359139,27.639342,0.0,0.0,0.0,0.0,0.0,0.0,0.0,0.0,0.0,35.778543,44.365136,51.121362,61.992076,27.579963,27.879207,29.131362,43.216166,48.833904,59.601633,55.944607,20.0,20.0,20.0,20.0,20.0,20.0,20.0,20.0,20.0,0,0,0,0,0,0,0,0,0,0,0,0,0,0,0,0,0,0,0,0,10,10,10,10,10,10,10,10,10,10,10,10,10,10,10,10,10,10,10,10,0,0,0,0,0,0,0,0,0,0,0,0,0,0,0,0,0,0,0,0
35.856559,36.004018,45.099529,37.209719,30.64919,30.64919,30.64919,30.64919,30.64919,30.64919,30.64919,30.64919,30.64919,30.64919,30.64919,30.64919,30.64919,30.64919,30.64919,30.64919,39.940014,33.840538,26.614641,22.961069,12.408518,12.408518,12.408518,12.408518,12.408518,12.408518,12.408518,12.408518,12.408518,12.408518,12.408518,12.408518,12.408518,12.408518,12.408518,12.408518,0,0,0,0,0,0,0,0,0,0,0,0,0,0,0,0,0,0,0,0,10,10,10,10,10,10,10,10,10,10,10,10,10,10,10,10,10,10,10,10,0,0,0,0,0,0,0,0,0,0,0,0,0,0,0,0,0,0,0,0
18.624383,22.442794,22.442794,22.442794,22.442794,22.442794,22.442794,22.442794,22.442794,22.442794,22.442794,22.442794,22.442794,22.442794,22.442794,22.442794,22.442794,22.442794,22.442794,22.442794,108.078152,108.560677,108.560677,108.560677,108.560677,108.560677,108.560677,108.560677,108.560677,108.560677,108.560677,108.560677,108.560677,108.560677,108.560677,108.560677,108.560677,108.560677,108.560677,108.560677,0,0,0,0,0,0,0,0,0,0,0,0,0,0,0,0,0,0,0,0,10,10,10,10,10,10,10,10,10,10,10,10,10,10,10,10,10,10,10,10,0,0,0,0,0,0,0,0,0,0,0,0,0,0,0,0,0,0,0,0
127.0,120.251109,110.0,110.0,111.0,110.0,111.0,122.0,125.156454,111.0,111.0,111.0,111.0,111.0,111.0,102.927986,111.0,111.0,111.0,110.0,111.0,110.73528,111.0,110.0,110.0,111.0,111.0,110.0,110.0,110.0,110.0,110.0,111.0,110.0,111.0,111.0,111.0,111.0,111.0,111.0,111.0,110.0,110.0,110.0,111.0,111.0,111.0,111.0,111.0,111.0,111.0,111.0,111.0,111.0,111.0,111.0,111.0,111.0,111.0,111.0,103.545951,111.0,118.161685,111.0,105.0,111.0,111.0,111.0,111.0,111.0,123.454353,111.0,111.0,111.0,111.0,111.0,111.0,110.0,111.0,111.0,111.0,111.0,111.0,111.0,111.0,111.0,111.0,111.0,111.0,111.0,111.0,111.0,111.0,111.0,111.0,111.0,111.0,111.0,111.0,111.0,111.0,99.518231,111.0,111.0,111.0,111.0,111.0,105.0,111.0,97.956266,96.0,111.088764,110.879701,111.290421,111.323258,111.215502,111.27236,111.673521,102.236492,111.588896,111.973079,112.092218,111.45691,112.062302,112.54534,112.241102,112.361697,112.284494,112.003119,112.249996,103.810772,95.029685,112.90162,87.263226,113.097302,113.022291,112.937374,113.602573,112.822519,113.015741,113.858893,113.081325,113.214002,113.491547,113.502458,113.438768,113.846111,113.703721,0.0,2.743395,0.0,0.0,0.0,0.0,0.0,0.0,7.040173,0.0,0.0,0.0,0.0,0.0,0.0,5.121563,0.0,0.0,0.0,0.0,0.0,0.749524,0.0,0.0,0.0,0.0,0.0,0.0,0.0,0.0,0.0,0.0,0.0,0.0,0.0,0.0,0.0,0.0,0.0,0.0,0.0,0.0,0.0,0.0,0.0,0.0,0.0,0.0,0.0,0.0,0.0,0.0,0.0,0.0,0.0,0.0,0.0,0.0,0.0,0.0,6.706439,0.0,2.301862,0.0,0.0,0.0,0.0,0.0,0.0,0.0,3.098104,0.0,0.0,0.0,0.0,0.0,0.0,0.0,0.0,0.0,0.0,0.0,0.0,0.0,0.0,0.0,0.0,0.0,0.0,0.0,0.0,0.0,0.0,0.0,0.0,0.0,0.0,0.0,0.0,0.0,0.0,12.626519,0.0,0.0,0.0,0.0,0.0,0.0,0.0,0.941335,0.0,1.718978,1.543117,1.621025,2.027149,2.025141,2.174317,2.795679,3.149499,3.225833,2.875701,3.169154,2.986444,2.931959,2.960797,3.32892,3.133774,3.117737,2.978985,3.115081,2.402803,6.112846,3.072092,4.615718,3.200731,2.979777,2.725298,2.380788,2.834658,2.454512,2.666669,2.812555,2.863432,2.458611,3.387199,3.088591,3.025859,2.559371,0,0,0,0,0,0,0,0,0,0,0,0,0,0,0,0,0,0,0,0,0,0,0,0,0,0,0,0,0,0,0,0,0,0,0,0,0,0,0,0,0,0,0,0,0,0,0,0,0,0,0,0,0,0,0,0,0,0,0,0,0,0,0,0,0,0,0,0,0,0,0,0,0,0,0,0,0,0,0,0,0,0,0,0,0,0,0,0,0,0,0,0,0,0,0,0,0,0,0,0,0,0,0,0,0,0,0,0,0,0,0,0,0,0,0,0,0,0,0,0,0,0,0,0,0,0,0,0,0,0,0,0,0,0,0,0,0,0,0,0,0,0,0,0,0,0,0,0,10,10,10,10,10,10,10,10,10,10,10,10,10,10,10,10,10,10,10,10,10,10,10,10,10,10,10,10,10,10,10,10,10,10,10,10,10,10,10,10,10,10,10,10,10,10,10,10,10,10,10,10,10,10,10,10,10,10,10,10,10,10,10,10,10,10,10,10,10,10,10,10,10,10,10,10,10,10,10,10,10,10,10,10,10,10,10,10,10,10,10,10,10,10,10,10,10,10,10,10,10,10,10,10,10,10,10,10,10,10,10,10,10,10,10,10,10,10,10,10,10,10,10,10,10,10,10,10,10,10,10,10,10,10,10,10,10,10,10,10,10,10,10,10,10,10,10,10,0,0,0,0,0,0,0,0,0,0,0,0,0,0,0,0,0,0,0,0,0,0,0,0,0,0,0,0,0,0,0,0,0,0,0,0,0,0,0,0,0,0,0,0,0,0,0,0,0,0,0,0,0,0,0,0,0,0,0,0,0,0,0,0,0,0,0,0,0,0,0,0,0,0,0,0,0,0,0,0,0,0,0,0,0,0,0,0,0,0,0,0,0,0,0,0,0,0,0,0,0,0,0,0,0,0,0,0,0,0,0,0,0,0,0,0,0,0,0,0,0,0,0,0,0,0,0,0,0,0,0,0,0,0,0,0,0,0,0,0,0,0,0,0,0,0,0,0
39.897181,50.0,42.173848,25.286246,25.286246,25.286246,25.286246,25.286246,25.286246,25.286246,25.286246,25.286246,25.286246,25.286246,25.286246,25.286246,25.286246,25.286246,25.286246,25.286246,122.202166,127.0,122.974605,124.021072,124.021072,124.021072,124.021072,124.021072,124.021072,124.021072,124.021072,124.021072,124.021072,124.021072,124.021072,124.021072,124.021072,124.021072,124.021072,124.021072,0,0,0,0,0,0,0,0,0,0,0,0,0,0,0,0,0,0,0,0,10,10,10,10,10,10,10,10,10,10,10,10,10,10,10,10,10,10,10,10,0,0,0,0,0,0,0,0,0,0,0,0,0,0,0,0,0,0,0,0
122.960796,127.0,127.0,127.0,127.0,127.0,127.0,127.0,127.0,127.0,127.0,127.0,127.0,127.0,127.0,127.0,127.0,127.0,127.0,127.0,119.209239,118.0,118.0,118.0,118.0,118.0,118.0,118.0,118.0,118.0,118.0,118.0,118.0,118.0,118.0,118.0,118.0,118.0,118.0,118.0,0,0,0,0,0,0,0,0,0,0,0,0,0,0,0,0,0,0,0,0,10,10,10,10,10,10,10,10,10,10,10,10,10,10,10,10,10,10,10,10,0,0,0,0,0,0,0,0,0,0,0,0,0,0,0,0,0,0,0,0
64.259743,61.110477,61.110477,61.110477,61.110477,61.110477,61.110477,61.110477,61.110477,61.110477,61.110477,61.110477,61.110477,61.110477,61.110477,61.110477,61.110477,61.110477,61.110477,61.110477,46.176563,53.676293,53.676293,53.676293,53.676293,53.676293,53.676293,53.676293,53.676293,53.676293,53.676293,53.676293,53.676293,53.676293,53.676293,53.676293,53.676293,53.676293,53.676293,53.676293,0,0,0,0,0,0,0,0,0,0,0,0,0,0,0,0,0,0,0,0,10,10,10,10,10,10,10,10,10,10,10,10,10,10,10,10,10,10,10,10,0,0,0,0,0,0,0,0,0,0,0,0,0,0,0,0,0,0,0,0
2.192834,0.0,4.148382,6.770337,4.997943,7.814511,0.0,0.0,0.0,0.0,0.0,0.0,0.0,0.0,0.0,0.0,0.0,0.0,0.0,0.0,107.14855,117.0,114.140623,116.11867,108.836839,102.396526,106.0,106.0,106.0,106.0,106.0,106.0,106.0,106.0,106.0,106.0,106.0,106.0,106.0,106.0,0,0,0,0,0,0,0,0,0,0,0,0,0,0,0,0,0,0,0,0,10,10,10,10,10,10,10,10,10,10,10,10,10,10,10,10,10,10,10,10,0,0,0,0,0,0,0,0,0,0,0,0,0,0,0,0,0,0,0,0
112.002642,111.025279,112.567198,119.020933,119.020933,119.020933,119.020933,119.020933,119.020933,119.020933,119.020933,119.020933,119.020933,119.020933,119.020933,119.020933,119.020933,119.020933,119.020933,119.020933,16.884815,11.594224,20.145718,18.879885,18.879885,18.879885,18.879885,18.879885,18.879885,18.879885,18.879885,18.879885,18.879885,18.879885,18.879885,18.879885,18.879885,18.879885,18.879885,18.879885,0,0,0,0,0,0,0,0,0,0,0,0,0,0,0,0,0,0,0,0,10,10,10,10,10,10,10,10,10,10,10,10,10,10,10,10,10,10,10,10,0,0,0,0,0,0,0,0,0,0,0,0,0,0,0,0,0,0,0,0
89.926916,86.851695,94.286469,88.0,81.0,81.0,81.0,81.0,81.0,81.0,81.0,81.0,81.0,81.0,81.0,81.0,81.0,81.0,81.0,81.0,120.070358,121.892913,122.034525,127.0,127.0,127.0,127.0,127.0,127.0,127.0,127.0,127.0,127.0,127.0,127.0,127.0,127.0,127.0,127.0,127.0,0,0,0,0,0,0,0,0,0,0,0,0,0,0,0,0,0,0,0,0,10,10,10,10,10,10,10,10,10,10,10,10,10,10,10,10,10,10,10,10,0,0,0,0,0,0,0,0,0,0,0,0,0,0,0,0,0,0,0,0
33.694844,36.110563,36.110563,36.110563,36.110563,36.110563,36.110563,36.110563,36.110563,36.110563,36.110563,36.110563,36.110563,36.110563,36.110563,36.110563,36.110563,36.110563,36.110563,36.110563,68.901608,70.289984,70.289984,70.289984,70.289984,70.289984,70.289984,70.289984,70.289984,70.289984,70.289984,70.289984,70.289984,70.289984,70.289984,70.289984,70.289984,70.289984,70.289984,70.289984,0,0,0,0,0,0,0,0,0,0,0,0,0,0,0,0,0,0,0,0,10,10,10,10,10,10,10,10,10,10,10,10,10,10,10,10,10,10,10,10,0,0,0,0,0,0,0,0,0,0,0,0,0,0,0,0,0,0,0,0
66.680604,70.999971,68.095946,62.647873,71.953346,78.800016,80.910509,73.983959,74.280736,74.280736,74.280736,74.280736,74.280736,74.280736,74.280736,74.280736,74.280736,74.280736,74.280736,74.280736,100.171896,92.159487,95.051043,106.719674,102.890519,102.242094,104.318862,98.922583,108.99535,108.99535,108.99535,108.99535,108.99535,108.99535,108.99535,108.99535,108.99535,108.99535,108.99535,108.99535,0,0,0,0,0,0,0,0,0,0,0,0,0,0,0,0,0,0,0,0,10,10,10,10,10,10,10,10,10,10,10,10,10,10,10,10,10,10,10,10,0,0,0,0,0,0,0,0,0,0,0,0,0,0,0,0,0,0,0,0
37.715066,23.705873,23.552533,22.774751,22.774751,22.774751,22.774751,22.774751,22.774751,22.774751,22.774751,22.774751,22.774751,22.774751,22.774751,22.774751,22.774751,22.774751,22.774751,22.774751,95.386504,97.101115,84.38258,72.675439,72.675439,72.675439,72.675439,72.675439,72.675439,72.675439,72.675439,72.675439,72.675439,72.675439,72.675439,72.675439,72.675439,72.675439,72.675439,72.675439,0,0,0,0,0,0,0,0,0,0,0,0,0,0,0,0,0,0,0,0,10,10,10,10,10,10,10,10,10,10,10,10,10,10,10,10,10,10,10,10,0,0,0,0,0,0,0,0,0,0,0,0,0,0,0,0,0,0,0,0
127.0,121.079627,127.0,127.0,117.649999,127.0,119.151143,123.842735,127.0,124.082368,115.719907,112.262958,117.723563,108.946474,114.971018,110.929993,104.01438,104.01438,104.01438,104.01438,33.0,26.851982,40.0,43.0,37.060567,37.0,45.000666,44.758933,32.0,38.707415,43.133022,34.252138,27.087341,33.660359,38.448197,23.868387,42.560593,42.560593,42.560593,42.560593,0,0,0,0,0,0,0,0,0,0,0,0,0,0,0,0,0,0,0,0,10,10,10,10,10,10,10,10,10,10,10,10,10,10,10,10,10,10,10,10,0,0,0,0,0,0,0,0,0,0,0,0,0,0,0,0,0,0,0,0
57.950856,59.164566,57.020022,45.784104,45.784104,45.784104,45.784104,45.784104,45.784104,45.784104,45.784104,45.784104,45.784104,45.784104,45.784104,45.784104,45.784104,45.784104,45.784104,45.784104,84.907209,88.714351,79.915291,77.149185,77.149185,77.149185,77.149185,77.149185,77.149185,77.149185,77.149185,77.149185,77.149185,77.149185,77.149185,77.149185,77.149185,77.149185,77.149185,77.149185,0,0,0,0,0,0,0,0,0,0,0,0,0,0,0,0,0,0,0,0,10,10,10,10,10,10,10,10,10,10,10,10,10,10,10,10,10,10,10,10,0,0,0,0,0,0,0,0,0,0,0,0,0,0,0,0,0,0,0,0
5.428769,16.436206,9.84707,9.84707,9.84707,9.84707,9.84707,9.84707,9.84707,9.84707,9.84707,9.84707,9.84707,9.84707,9.84707,9.84707,9.84707,9.84707,9.84707,9.84707,83.665301,86.947913,74.927919,74.927919,74.927919,74.927919,74.927919,74.927919,74.927919,74.927919,74.927919,74.927919,74.927919,74.927919,74.927919,74.927919,74.927919,74.927919,74.927919,74.927919,0,0,0,0,0,0,0,0,0,0,0,0,0,0,0,0,0,0,0,0,10,10,10,10,10,10,10,10,10,10,10,10,10,10,10,10,10,10,10,10,0,0,0,0,0,0,0,0,0,0,0,0,0,0,0,0,0,0,0,0
47.16284,44.186836,49.568078,38.919517,41.90442,51.177865,51.177865,51.177865,51.177865,51.177865,51.177865,51.177865,51.177865,51.177865,51.177865,51.177865,51.177865,51.177865,51.177865,51.177865,10.281328,2.649322,9.602307,7.053708,18.950319,14.80413,14.80413,14.80413,14.80413,14.80413,14.80413,14.80413,14.80413,14.80413,14.80413,14.80413,14.80413,14.80413,14.80413,14.80413,0,0,0,0,0,0,0,0,0,0,0,0,0,0,0,0,0,0,0,0,10,10,10,10,10,10,10,10,10,10,10,10,10,10,10,10,10,10,10,10,0,0,0,0,0,0,0,0,0,0,0,0,0,0,0,0,0,0,0,0
94.885482,97.884576,101.887082,101.887082,101.887082,101.887082,101.887082,101.887082,101.887082,101.887082,101.887082,101.887082,101.887082,101.887082,101.887082,101.887082,101.887082,101.887082,101.887082,101.887082,89.918854,87.99138,77.886338,77.886338,77.886338,77.886338,77.886338,77.886338,77.886338,77.886338,77.886338,77.886338,77.886338,77.886338,77.886338,77.886338,77.886338,77.886338,77.886338,77.886338,0,0,0,0,0,0,0,0,0,0,0,0,0,0,0,0,0,0,0,0,10,10,10,10,10,10,10,10,10,10,10,10,10,10,10,10,10,10,10,10,0,0,0,0,0,0,0,0,0,0,0,0,0,0,0,0,0,0,0,0
40.952924,38.845264,38.845264,38.845264,38.845264,38.845264,38.845264,38.845264,38.845264,38.845264,38.845264,38.845264,38.845264,38.845264,38.845264,38.845264,38.845264,38.845264,38.845264,38.845264,6.722646,4.122598,4.122598,4.122598,4.122598,4.122598,4.122598,4.122598,4.122598,4.122598,4.122598,4.122598,4.122598,4.122598,4.122598,4.122598,4.122598,4.122598,4.122598,4.122598,0,0,0,0,0,0,0,0,0,0,0,0,0,0,0,0,0,0,0,0,10,10,10,10,10,10,10,10,10,10,10,10,10,10,10,10,10,10,10,10,0,0,0,0,0,0,0,0,0,0,0,0,0,0,0,0,0,0,0,0
119.025702,114.10763,123.861942,114.990617,124.421031,124.421031,124.421031,124.421031,124.421031,124.421031,124.421031,124.421031,124.421031,124.421031,124.421031,124.421031,124.421031,124.421031,124.421031,124.421031,80.048041,83.29697,87.07135,97.725516,92.075327,92.075327,92.075327,92.075327,92.075327,92.075327,92.075327,92.075327,92.075327,92.075327,92.075327,92.075327,92.075327,92.075327,92.075327,92.075327,0,0,0,0,0,0,0,0,0,0,0,0,0,0,0,0,0,0,0,0,10,10,10,10,10,10,10,10,10,10,10,10,10,10,10,10,10,10,10,10,0,0,0,0,0,0,0,0,0,0,0,0,0,0,0,0,0,0,0,0
99.09784,89.968248,92.407731,92.407731,92.407731,92.407731,92.407731,92.407731,92.407731,92.407731,92.407731,92.407731,92.407731,92.407731,92.407731,92.407731,92.407731,92.407731,92.407731,92.407731,69.765865,69.090301,63.238267,63.238267,63.238267,63.238267,63.238267,63.238267,63.238267,63.238267,63.238267,63.238267,63.238267,63.238267,63.238267,63.238267,63.238267,63.238267,63.238267,63.238267,0,0,0,0,0,0,0,0,0,0,0,0,0,0,0,0,0,0,0,0,10,10,10,10,10,10,10,10,10,10,10,10,10,10,10,10,10,10,10,10,0,0,0,0,0,0,0,0,0,0,0,0,0,0,0,0,0,0,0,0
100.505069,94.859578,94.859578,94.859578,94.859578,94.859578,94.859578,94.859578,94.859578,94.859578,94.859578,94.859578,94.859578,94.859578,94.859578,94.859578,94.859578,94.859578,94.859578,94.859578,110.852665,100.040968,100.040968,100.040968,100.040968,100.040968,100.040968,100.040968,100.040968,100.040968,100.040968,100.040968,100.040968,100.040968,100.040968,100.040968,100.040968,100.040968,100.040968,100.040968,0,0,0,0,0,0,0,0,0,0,0,0,0,0,0,0,0,0,0,0,10,10,10,10,10,10,10,10,10,10,10,10,10,10,10,10,10,10,10,10,0,0,0,0,0,0,0,0,0,0,0,0,0,0,0,0,0,0,0,0
23.073121,19.0,24.684616,30.107876,30.107876,30.107876,30.107876,30.107876,30.107876,30.107876,30.107876,30.107876,30.107876,30.107876,30.107876,30.107876,30.107876,30.107876,30.107876,30.107876,8.222842,0.0,4.850437,12.461859,12.461859,12.461859,12.461859,12.461859,12.461859,12.461859,12.461859,12.461859,12.461859,12.461859,12.461859,12.461859,12.461859,12.461859,12.461859,12.461859,0,0,0,0,0,0,0,0,0,0,0,0,0,0,0,0,0,0,0,0,10,10,10,10,10,10,10,10,10,10,10,10,10,10,10,10,10,10,10,10,0,0,0,0,0,0,0,0,0,0,0,0,0,0,0,0,0,0,0,0
44.523607,48.038892,39.866215,46.918907,40.93377,56.876851,51.793615,51.793615,51.793615,51.793615,51.793615,51.793615,51.793615,51.793615,51.793615,51.793615,51.793615,51.793615,51.793615,51.793615,100.118652,104.931254,96.039585,97.420934,97.768706,96.776575,96.701926,96.701926,96.701926,96.701926,96.701926,96.701926,96.701926,96.701926,96.701926,96.701926,96.701926,96.701926,96.701926,96.701926,0,0,0,0,0,0,0,0,0,0,0,0,0,0,0,0,0,0,0,0,10,10,10,10,10,10,10,10,10,10,10,10,10,10,10,10,10,10,10,10,0,0,0,0,0,0,0,0,0,0,0,0,0,0,0,0,0,0,0,0
55.088736,55.715999,55.715999,55.715999,55.715999,55.715999,55.715999,55.715999,55.715999,55.715999,55.715999,55.715999,55.715999,55.715999,55.715999,55.715999,55.715999,55.715999,55.715999,55.715999,125.148652,114.860553,114.860553,114.860553,114.860553,114.860553,114.860553,114.860553,114.860553,114.860553,114.860553,114.860553,114.860553,114.860553,114.860553,114.860553,114.860553,114.860553,114.860553,114.860553,0,0,0,0,0,0,0,0,0,0,0,0,0,0,0,0,0,0,0,0,10,10,10,10,10,10,10,10,10,10,10,10,10,10,10,10,10,10,10,10,0,0,0,0,0,0,0,0,0,0,0,0,0,0,0,0,0,0,0,0
0.0,10.865823,6.200268,7.09099,7.09099,7.09099,7.09099,7.09099,7.09099,7.09099,7.09099,7.09099,7.09099,7.09099,7.09099,7.09099,7.09099,7.09099,7.09099,7.09099,47.0,55.249363,53.435786,48.763627,48.763627,48.763627,48.763627,48.763627,48.763627,48.763627,48.763627,48.763627,48.763627,48.763627,48.763627,48.763627,48.763627,48.763627,48.763627,48.763627,0,0,0,0,0,0,0,0,0,0,0,0,0,0,0,0,0,0,0,0,10,10,10,10,10,10,10,10,10,10,10,10,10,10,10,10,10,10,10,10,0,0,0,0,0,0,0,0,0,0,0,0,0,0,0,0,0,0,0,0
122.772176,122.0,121.118613,113.648564,123.708935,118.311702,122.110965,127.0,121.051842,123.976229,122.169348,118.248309,118.333768,124.761463,118.813729,113.089134,113.089134,113.089134,113.089134,113.089134,114.532139,127.0,115.477674,107.917719,100.674562,111.259672,104.140721,98.0,108.133801,101.72469,96.437809,107.284611,109.824185,100.974747,95.006018,97.94945,97.94945,97.94945,97.94945,97.94945,0,0,0,0,0,0,0,0,0,0,0,0,0,0,0,0,0,0,0,0,10,10,10,10,10,10,10,10,10,10,10,10,10,10,10,10,10,10,10,10,0,0,0,0,0,0,0,0,0,0,0,0,0,0,0,0,0,0,0,0
64.150086,70.44905,66.359625,66.359625,66.359625,66.359625,66.359625,66.359625,66.359625,66.359625,66.359625,66.359625,66.359625,66.359625,66.359625,66.359625,66.359625,66.359625,66.359625,66.359625,21.865754,29.432412,25.639134,25.639134,25.639134,25.639134,25.639134,25.639134,25.639134,25.639134,25.639134,25.639134,25.639134,25.639134,25.639134,25.639134,25.639134,25.639134,25.639134,25.639134,0,0,0,0,0,0,0,0,0,0,0,0,0,0,0,0,0,0,0,0,10,10,10,10,10,10,10,10,10,10,10,10,10,10,10,10,10,10,10,10,0,0,0,0,0,0,0,0,0,0,0,0,0,0,0,0,0,0,0,0
74.455786,80.971053,72.420646,68.030074,62.717094,62.717094,62.717094,62.717094,62.717094,62.717094,62.717094,62.717094,62.717094,62.717094,62.717094,62.717094,62.717094,62.717094,62.717094,62.717094,94.097238,92.782798,90.230879,88.239377,97.118669,97.118669,97.118669,97.118669,97.118669,97.118669,97.118669,97.118669,97.118669,97.118669,97.118669,97.118669,97.118669,97.118669,97.118669,97.118669,0,0,0,0,0,0,0,0,0,0,0,0,0,0,0,0,0,0,0,0,10,10,10,10,10,10,10,10,10,10,10,10,10,10,10,10,10,10,10,10,0,0,0,0,0,0,0,0,0,0,0,0,0,0,0,0,0,0,0,0
127.0,127.0,127.0,127.0,127.0,127.0,127.0,127.0,127.0,127.0,127.0,127.0,127.0,127.0,127.0,127.0,127.0,127.0,127.0,127.0,27.0,26.0,26.0,26.0,26.0,26.0,26.0,26.0,26.0,26.0,26.0,26.0,26.0,26.0,26.0,26.0,26.0,26.0,26.0,26.0,0,0,0,0,0,0,0,0,0,0,0,0,0,0,0,0,0,0,0,0,10,10,10,10,10,10,10,10,10,10,10,10,10,10,10,10,10,10,10,10,0,0,0,0,0,0,0,0,0,0,0,0,0,0,0,0,0,0,0,0
21.857486,14.543996,12.975627,12.975627,12.975627,12.975627,12.975627,12.975627,12.975627,12.975627,12.975627,12.975627,12.975627,12.975627,12.975627,12.975627,12.975627,12.975627,12.975627,12.975627,27.705488,20.445192,19.845633,19.845633,19.845633,19.845633,19.845633,19.845633,19.845633,19.845633,19.845633,19.845633,19.845633,19.845633,19.845633,19.845633,19.845633,19.845633,19.845633,19.845633,0,0,0,0,0,0,0,0,0,0,0,0,0,0,0,0,0,0,0,0,10,10,10,10,10,10,10,10,10,10,10,10,10,10,10,10,10,10,10,10,0,0,0,0,0,0,0,0,0,0,0,0,0,0,0,0,0,0,0,0
18.231895,24.866557,31.85295,31.85295,31.85295,31.85295,31.85295,31.85295,31.85295,31.85295,31.85295,31.85295,31.85295,31.85295,31.85295,31.85295,31.85295,31.85295,31.85295,31.85295,36.309455,31.791945,24.050317,24.050317,24.050317,24.050317,24.050317,24.050317,24.050317,24.050317,24.050317,24.050317,24.050317,24.050317,24.050317,24.050317,24.050317,24.050317,24.050317,24.050317,0,0,0,0,0,0,0,0,0,0,0,0,0,0,0,0,0,0,0,0,10,10,10,10,10,10,10,10,10,10,10,10,10,10,10,10,10,10,10,10,0,0,0,0,0,0,0,0,0,0,0,0,0,0,0,0,0,0,0,0
18.222693,20.06551,20.06551,20.06551,20.06551,20.06551,20.06551,20.06551,20.06551,20.06551,20.06551,20.06551,20.06551,20.06551,20.06551,20.06551,20.06551,20.06551,20.06551,20.06551,100.507044,98.45514,98.45514,98.45514,98.45514,98.45514,98.45514,98.45514,98.45514,98.45514,98.45514,98.45514,98.45514,98.45514,98.45514,98.45514,98.45514,98.45514,98.45514,98.45514,0,0,0,0,0,0,0,0,0,0,0,0,0,0,0,0,0,0,0,0,10,10,10,10,10,10,10,10,10,10,10,10,10,10,10,10,10,10,10,10,0,0,0,0,0,0,0,0,0,0,0,0,0,0,0,0,0,0,0,0
15.320963,9.778657,10.768254,19.539842,28.184063,28.184063,28.184063,28.184063,28.184063,28.184063,28.184063,28.184063,28.184063,28.184063,28.184063,28.184063,28.184063,28.184063,28.184063,28.184063,43.948616,40.250533,27.239457,33.221616,34.702521,34.702521,34.702521,34.702521,34.702521,34.702521,34.702521,34.702521,34.702521,34.702521,34.702521,34.702521,34.702521,34.702521,34.702521,34.702521,0,0,0,0,0,0,0,0,0,0,0,0,0,0,0,0,0,0,0,0,10,10,10,10,10,10,10,10,10,10,10,10,10,10,10,10,10,10,10,10,0,0,0,0,0,0,0,0,0,0,0,0,0,0,0,0,0,0,0,0
42.465359,41.392454,38.0,45.194147,45.096669,37.002679,37.002679,37.002679,37.002679,37.002679,37.002679,37.002679,37.002679,37.002679,37.002679,37.002679,37.002679,37.002679,37.002679,37.002679,108.967632,122.980685,127.0,109.815896,103.848159,102.139817,102.139817,102.139817,102.139817,102.139817,102.139817,102.139817,102.139817,102.139817,102.139817,102.139817,102.139817,102.139817,102.139817,102.139817,0,0,0,0,0,0,0,0,0,0,0,0,0,0,0,0,0,0,0,0,10,10,10,10,10,10,10,10,10,10,10,10,10,10,10,10,10,10,10,10,0,0,0,0,0,0,0,0,0,0,0,0,0,0,0,0,0,0,0,0
124.034751,127.0,113.554806,105.321932,112.229253,117.515724,111.729454,103.668359,103.668359,103.668359,103.668359,103.668359,103.668359,103.668359,103.668359,103.668359,103.668359,103.668359,103.668359,103.668359,65.249497,63.0,59.90898,62.529527,70.768913,58.341359,69.855388,73.622029,73.622029,73.622029,73.622029,73.622029,73.622029,73.622029,73.622029,73.622029,73.622029,73.622029,73.622029,73.622029,0,0,0,0,0,0,0,0,0,0,0,0,0,0,0,0,0,0,0,0,10,10,10,10,10,10,10,10,10,10,10,10,10,10,10,10,10,10,10,10,0,0,0,0,0,0,0,0,0,0,0,0,0,0,0,0,0,0,0,0
32.867908,31.15368,30.872709,39.799307,29.672385,31.64161,34.0,30.806671,30.004562,27.945234,33.163812,42.536354,46.695498,46.824467,33.805437,33.805437,33.805437,33.805437,33.805437,33.805437,98.03613,104.541345,113.920108,111.515076,119.945322,117.343825,127.0,118.149784,123.655783,109.113575,102.295731,98.869702,85.981425,93.981107,87.25125,87.25125,87.25125,87.25125,87.25125,87.25125,0,0,0,0,0,0,0,0,0,0,0,0,0,0,0,0,0,0,0,0,10,10,10,10,10,10,10,10,10,10,10,10,10,10,10,10,10,10,10,10,0,0,0,0,0,0,0,0,0,0,0,0,0,0,0,0,0,0,0,0
18.521273,11.574765,11.574765,11.574765,11.574765,11.574765,11.574765,11.574765,11.574765,11.574765,11.574765,11.574765,11.574765,11.574765,11.574765,11.574765,11.574765,11.574765,11.574765,11.574765,8.120883,9.175242,9.175242,9.175242,9.175242,9.175242,9.175242,9.175242,9.175242,9.175242,9.175242,9.175242,9.175242,9.175242,9.175242,9.175242,9.175242,9.175242,9.175242,9.175242,0,0,0,0,0,0,0,0,0,0,0,0,0,0,0,0,0,0,0,0,10,10,10,10,10,10,10,10,10,10,10,10,10,10,10,10,10,10,10,10,0,0,0,0,0,0,0,0,0,0,0,0,0,0,0,0,0,0,0,0
13.890702,16.302392,14.69096,6.930337,6.930337,6.930337,6.930337,6.930337,6.930337,6.930337,6.930337,6.930337,6.930337,6.930337,6.930337,6.930337,6.930337,6.930337,6.930337,6.930337,93.607577,94.022354,88.799521,83.208251,83.208251,83.208251,83.208251,83.208251,83.208251,83.208251,83.208251,83.208251,83.208251,83.208251,83.208251,83.208251,83.208251,83.208251,83.208251,83.208251,0,0,0,0,0,0,0,0,0,0,0,0,0,0,0,0,0,0,0,0,10,10,10,10,10,10,10,10,10,10,10,10,10,10,10,10,10,10,10,10,0,0,0,0,0,0,0,0,0,0,0,0,0,0,0,0,0,0,0,0
7.12481,8.174155,18.930366,7.790149,15.034992,15.034992,15.034992,15.034992,15.034992,15.034992,15.034992,15.034992,15.034992,15.034992,15.034992,15.034992,15.034992,15.034992,15.034992,15.034992,94.041526,98.928199,96.045416,100.286447,99.098155,99.098155,99.098155,99.098155,99.098155,99.098155,99.098155,99.098155,99.098155,99.098155,99.098155,99.098155,99.098155,99.098155,99.098155,99.098155,0,0,0,0,0,0,0,0,0,0,0,0,0,0,0,0,0,0,0,0,10,10,10,10,10,10,10,10,10,10,10,10,10,10,10,10,10,10,10,10,0,0,0,0,0,0,0,0,0,0,0,0,0,0,0,0,0,0,0,0
50.301347,40.644153,40.644153,40.644153,40.644153,40.644153,40.644153,40.644153,40.644153,40.644153,40.644153,40.644153,40.644153,40.644153,40.644153,40.644153,40.644153,40.644153,40.644153,40.644153,54.314103,60.257361,60.257361,60.257361,60.257361,60.257361,60.257361,60.257361,60.257361,60.257361,60.257361,60.257361,60.257361,60.257361,60.257361,60.257361,60.257361,60.257361,60.257361,60.257361,0,0,0,0,0,0,0,0,0,0,0,0,0,0,0,0,0,0,0,0,10,10,10,10,10,10,10,10,10,10,10,10,10,10,10,10,10,10,10,10,0,0,0,0,0,0,0,0,0,0,0,0,0,0,0,0,0,0,0,0
91.805181,97.770272,97.770272,97.770272,97.770272,97.770272,97.770272,97.770272,97.770272,97.770272,97.770272,97.770272,97.770272,97.770272,97.770272,97.770272,97.770272,97.770272,97.770272,97.770272,123.394904,115.104425,115.104425,115.104425,115.104425,115.104425,115.104425,115.104425,115.104425,115.104425,115.104425,115.104425,115.104425,115.104425,115.104425,115.104425,115.104425,115.104425,115.104425,115.104425,0,0,0,0,0,0,0,0,0,0,0,0,0,0,0,0,0,0,0,0,10,10,10,10,10,10,10,10,10,10,10,10,10,10,10,10,10,10,10,10,0,0,0,0,0,0,0,0,0,0,0,0,0,0,0,0,0,0,0,0
98.130821,105.180267,105.180267,105.180267,105.180267,105.180267,105.180267,105.180267,105.180267,105.180267,105.180267,105.180267,105.180267,105.180267,105.180267,105.180267,105.180267,105.180267,105.180267,105.180267,101.80586,104.885457,104.885457,104.885457,104.885457,104.885457,104.885457,104.885457,104.885457,104.885457,104.885457,104.885457,104.885457,104.885457,104.885457,104.885457,104.885457,104.885457,104.885457,104.885457,0,0,0,0,0,0,0,0,0,0,0,0,0,0,0,0,0,0,0,0,10,10,10,10,10,10,10,10,10,10,10,10,10,10,10,10,10,10,10,10,0,0,0,0,0,0,0,0,0,0,0,0,0,0,0,0,0,0,0,0
82.717468,82.929473,70.593448,66.957014,66.957014,66.957014,66.957014,66.957014,66.957014,66.957014,66.957014,66.957014,66.957014,66.957014,66.957014,66.957014,66.957014,66.957014,66.957014,66.957014,59.936615,56.910579,56.602462,55.753036,55.753036,55.753036,55.753036,55.753036,55.753036,55.753036,55.753036,55.753036,55.753036,55.753036,55.753036,55.753036,55.753036,55.753036,55.753036,55.753036,0,0,0,0,0,0,0,0,0,0,0,0,0,0,0,0,0,0,0,0,10,10,10,10,10,10,10,10,10,10,10,10,10,10,10,10,10,10,10,10,0,0,0,0,0,0,0,0,0,0,0,0,0,0,0,0,0,0,0,0
37.798462,44.029026,36.0,36.0,36.0,36.0,36.0,36.0,36.0,36.0,36.0,36.0,36.0,36.0,36.0,36.0,36.0,36.0,36.0,36.0,3.90053,6.599319,0.0,0.0,0.0,0.0,0.0,0.0,0.0,0.0,0.0,0.0,0.0,0.0,0.0,0.0,0.0,0.0,0.0,0.0,0,0,0,0,0,0,0,0,0,0,0,0,0,0,0,0,0,0,0,0,10,10,10,10,10,10,10,10,10,10,10,10,10,10,10,10,10,10,10,10,0,0,0,0,0,0,0,0,0,0,0,0,0,0,0,0,0,0,0,0
12.913605,0.0,0.0,0.0,0.0,0.0,0.0,0.0,0.0,0.0,0.0,0.0,0.0,0.0,0.0,0.0,0.0,0.0,0.0,0.0,121.564774,120.0,120.0,120.0,120.0,120.0,120.0,120.0,120.0,120.0,120.0,120.0,120.0,120.0,120.0,120.0,120.0,120.0,120.0,120.0,0,0,0,0,0,0,0,0,0,0,0,0,0,0,0,0,0,0,0,0,10,10,10,10,10,10,10,10,10,10,10,10,10,10,10,10,10,10,10,10,0,0,0,0,0,0,0,0,0,0,0,0,0,0,0,0,0,0,0,0
94.214649,98.81752,96.157817,98.106327,91.150413,91.17273,84.0,84.0,84.0,84.0,84.0,84.0,84.0,84.0,84.0,84.0,84.0,84.0,84.0,84.0,100.066835,105.162743,100.999125,110.039881,105.665523,98.214387,91.0,91.0,91.0,91.0,91.0,91.0,91.0,91.0,91.0,91.0,91.0,91.0,91.0,91.0,0,0,0,0,0,0,0,0,0,0,0,0,0,0,0,0,0,0,0,0,10,10,10,10,10,10,10,10,10,10,10,10,10,10,10,10,10,10,10,10,0,0,0,0,0,0,0,0,0,0,0,0,0,0,0,0,0,0,0,0
64.064366,69.505041,63.892663,60.114408,60.114408,60.114408,60.114408,60.114408,60.114408,60.114408,60.114408,60.114408,60.114408,60.114408,60.114408,60.114408,60.114408,60.114408,60.114408,60.114408,11.377994,11.734443,19.00192,15.901193,15.901193,15.901193,15.901193,15.901193,15.901193,15.901193,15.901193,15.901193,15.901193,15.901193,15.901193,15.901193,15.901193,15.901193,15.901193,15.901193,0,0,0,0,0,0,0,0,0,0,0,0,0,0,0,0,0,0,0,0,10,10,10,10,10,10,10,10,10,10,10,10,10,10,10,10,10,10,10,10,0,0,0,0,0,0,0,0,0,0,0,0,0,0,0,0,0,0,0,0
45.0,51.0,51.905965,51.905965,51.905965,51.905965,51.905965,51.905965,51.905965,51.905965,51.905965,51.905965,51.905965,51.905965,51.905965,51.905965,51.905965,51.905965,51.905965,51.905965,0.0,0.0,9.000956,9.000956,9.000956,9.000956,9.000956,9.000956,9.000956,9.000956,9.000956,9.000956,9.000956,9.000956,9.000956,9.000956,9.000956,9.000956,9.000956,9.000956,0,0,0,0,0,0,0,0,0,0,0,0,0,0,0,0,0,0,0,0,10,10,10,10,10,10,10,10,10,10,10,10,10,10,10,10,10,10,10,10,0,0,0,0,0,0,0,0,0,0,0,0,0,0,0,0,0,0,0,0
90.041509,81.789991,81.200792,81.200792,81.200792,81.200792,81.200792,81.200792,81.200792,81.200792,81.200792,81.200792,81.200792,81.200792,81.200792,81.200792,81.200792,81.200792,81.200792,81.200792,1.562966,4.428687,4.247742,4.247742,4.247742,4.247742,4.247742,4.247742,4.247742,4.247742,4.247742,4.247742,4.247742,4.247742,4.247742,4.247742,4.247742,4.247742,4.247742,4.247742,0,0,0,0,0,0,0,0,0,0,0,0,0,0,0,0,0,0,0,0,10,10,10,10,10,10,10,10,10,10,10,10,10,10,10,10,10,10,10,10,0,0,0,0,0,0,0,0,0,0,0,0,0,0,0,0,0,0,0,0
80.413294,76.494782,76.494782,76.494782,76.494782,76.494782,76.494782,76.494782,76.494782,76.494782,76.494782,76.494782,76.494782,76.494782,76.494782,76.494782,76.494782,76.494782,76.494782,76.494782,44.112888,40.802409,40.802409,40.802409,40.802409,40.802409,40.802409,40.802409,40.802409,40.802409,40.802409,40.802409,40.802409,40.802409,40.802409,40.802409,40.802409,40.802409,40.802409,40.802409,0,0,0,0,0,0,0,0,0,0,0,0,0,0,0,0,0,0,0,0,10,10,10,10,10,10,10,10,10,10,10,10,10,10,10,10,10,10,10,10,0,0,0,0,0,0,0,0,0,0,0,0,0,0,0,0,0,0,0,0
12.185185,21.858562,31.238491,28.298502,28.298502,28.298502,28.298502,28.298502,28.298502,28.298502,28.298502,28.298502,28.298502,28.298502,28.298502,28.298502,28.298502,28.298502,28.298502,28.298502,69.827536,68.194015,65.211433,64.169742,64.169742,64.169742,64.169742,64.169742,64.169742,64.169742,64.169742,64.169742,64.169742,64.169742,64.169742,64.169742,64.169742,64.169742,64.169742,64.169742,0,0,0,0,0,0,0,0,0,0,0,0,0,0,0,0,0,0,0,0,10,10,10,10,10,10,10,10,10,10,10,10,10,10,10,10,10,10,10,10,0,0,0,0,0,0,0,0,0,0,0,0,0,0,0,0,0,0,0,0
39.999405,31.787877,28.123216,31.922823,32.644972,35.792155,31.492871,31.961817,31.257851,38.86014,39.512348,40.491444,33.217269,33.217269,33.217269,33.217269,33.217269,33.217269,33.217269,33.217269,76.257607,82.250871,80.422566,72.788188,76.004459,68.87367,75.806907,70.681034,81.397496,78.880882,86.109277,93.205044,106.300846,106.300846,106.300846,106.300846,106.300846,106.300846,106.300846,106.300846,0,0,0,0,0,0,0,0,0,0,0,0,0,0,0,0,0,0,0,0,10,10,10,10,10,10,10,10,10,10,10,10,10,10,10,10,10,10,10,10,0,0,0,0,0,0,0,0,0,0,0,0,0,0,0,0,0,0,0,0
41.0,54.013138,54.083635,54.083635,54.083635,54.083635,54.083635,54.083635,54.083635,54.083635,54.083635,54.083635,54.083635,54.083635,54.083635,54.083635,54.083635,54.083635,54.083635,54.083635,57.0,52.586743,52.94069,52.94069,52.94069,52.94069,52.94069,52.94069,52.94069,52.94069,52.94069,52.94069,52.94069,52.94069,52.94069,52.94069,52.94069,52.94069,52.94069,52.94069,0,0,0,0,0,0,0,0,0,0,0,0,0,0,0,0,0,0,0,0,10,10,10,10,10,10,10,10,10,10,10,10,10,10,10,10,10,10,10,10,0,0,0,0,0,0,0,0,0,0,0,0,0,0,0,0,0,0,0,0
6.291134,2.874509,10.0,6.0,6.0,6.0,6.0,6.0,6.0,6.0,6.0,6.0,6.0,6.0,6.0,6.0,6.0,6.0,6.0,6.0,118.868246,124.555689,127.0,127.0,127.0,127.0,127.0,127.0,127.0,127.0,127.0,127.0,127.0,127.0,127.0,127.0,127.0,127.0,127.0,127.0,0,0,0,0,0,0,0,0,0,0,0,0,0,0,0,0,0,0,0,0,10,10,10,10,10,10,10,10,10,10,10,10,10,10,10,10,10,10,10,10,0,0,0,0,0,0,0,0,0,0,0,0,0,0,0,0,0,0,0,0
40.562236,41.710301,44.250802,40.213899,42.132547,43.750851,45.817419,45.817419,45.817419,45.817419,45.817419,45.817419,45.817419,45.817419,45.817419,45.817419,45.817419,45.817419,45.817419,45.817419,46.198122,42.235392,39.424751,28.915607,29.77955,29.723967,29.636632,29.636632,29.636632,29.636632,29.636632,29.636632,29.636632,29.636632,29.636632,29.636632,29.636632,29.636632,29.636632,29.636632,0,0,0,0,0,0,0,0,0,0,0,0,0,0,0,0,0,0,0,0,10,10,10,10,10,10,10,10,10,10,10,10,10,10,10,10,10,10,10,10,0,0,0,0,0,0,0,0,0,0,0,0,0,0,0,0,0,0,0,0
75.043265,67.624781,57.868613,50.050653,60.210742,47.26647,48.661786,48.661786,48.661786,48.661786,48.661786,48.661786,48.661786,48.661786,48.661786,48.661786,48.661786,48.661786,48.661786,48.661786,42.506189,44.377912,37.150473,37.212347,34.956441,38.948486,31.57197,31.57197,31.57197,31.57197,31.57197,31.57197,31.57197,31.57197,31.57197,31.57197,31.57197,31.57197,31.57197,31.57197,0,0,0,0,0,0,0,0,0,0,0,0,0,0,0,0,0,0,0,0,10,10,10,10,10,10,10,10,10,10,10,10,10,10,10,10,10,10,10,10,0,0,0,0,0,0,0,0,0,0,0,0,0,0,0,0,0,0,0,0
61.0,60.0,56.97693,56.564938,60.524138,56.825919,63.999627,57.842187,53.244694,43.624679,29.060598,40.669751,27.0,27.0,27.0,27.0,27.0,27.0,27.0,27.0,0.0,0.0,8.12432,8.626078,15.000382,7.748787,14.157914,18.713258,7.779346,11.008625,6.599929,9.069992,0.0,0.0,0.0,0.0,0.0,0.0,0.0,0.0,0,0,0,0,0,0,0,0,0,0,0,0,0,0,0,0,0,0,0,0,10,10,10,10,10,10,10,10,10,10,10,10,10,10,10,10,10,10,10,10,0,0,0,0,0,0,0,0,0,0,0,0,0,0,0,0,0,0,0,0
91.429346,92.689551,92.689551,92.689551,92.689551,92.689551,92.689551,92.689551,92.689551,92.689551,92.689551,92.689551,92.689551,92.689551,92.689551,92.689551,92.689551,92.689551,92.689551,92.689551,72.788354,82.007604,82.007604,82.007604,82.007604,82.007604,82.007604,82.007604,82.007604,82.007604,82.007604,82.007604,82.007604,82.007604,82.007604,82.007604,82.007604,82.007604,82.007604,82.007604,0,0,0,0,0,0,0,0,0,0,0,0,0,0,0,0,0,0,0,0,10,10,10,10,10,10,10,10,10,10,10,10,10,10,10,10,10,10,10,10,0,0,0,0,0,0,0,0,0,0,0,0,0,0,0,0,0,0,0,0
79.391513,77.845708,82.153607,79.86563,90.873947,92.220031,92.612047,83.998042,89.623787,96.720713,96.214714,96.182001,103.995543,109.102688,110.767544,117.857282,103.236751,94.115451,101.217838,90.278999,91.003383,92.705174,101.62187,95.166102,93.760991,91.691086,85.864109,92.195229,96.246086,100.540884,111.044871,102.743679,106.825084,110.974832,102.84119,102.311805,108.970369,113.207373,102.142785,97.955403,86.289321,94.269762,97.437788,96.648356,104.020798,103.482251,99.569697,106.187011,97.199585,101.678804,103.764112,105.280063,104.480495,99.955057,0,0,0,0,0,0,0,0,0,0,0,0,0,0,0,0,0,0,0,0,0,0,0,0,0,0,0,10,10,10,10,10,10,10,10,10,10,10,10,10,10,10,10,10,10,10,10,10,10,10,10,10,10,10,0,0,0,0,0,0,0,0,0,0,0,0,0,0,0,0,0,0,0,0,0,0,0,0,0,0,0
39.519294,40.604224,35.491605,22.726244,33.034284,33.034284,33.034284,33.034284,33.034284,33.034284,33.034284,33.034284,33.034284,33.034284,33.034284,33.034284,33.034284,33.034284,33.034284,33.034284,39.477753,31.430795,20.675276,17.324137,24.036386,24.036386,24.036386,24.036386,24.036386,24.036386,24.036386,24.036386,24.036386,24.036386,24.036386,24.036386,24.036386,24.036386,24.036386,24.036386,0,0,0,0,0,0,0,0,0,0,0,0,0,0,0,0,0,0,0,0,10,10,10,10,10,10,10,10,10,10,10,10,10,10,10,10,10,10,10,10,0,0,0,0,0,0,0,0,0,0,0,0,0,0,0,0,0,0,0,0
93.34676,86.04989,86.04989,86.04989,86.04989,86.04989,86.04989,86.04989,86.04989,86.04989,86.04989,86.04989,86.04989,86.04989,86.04989,86.04989,86.04989,86.04989,86.04989,86.04989,68.947238,70.544833,70.544833,70.544833,70.544833,70.544833,70.544833,70.544833,70.544833,70.544833,70.544833,70.544833,70.544833,70.544833,70.544833,70.544833,70.544833,70.544833,70.544833,70.544833,0,0,0,0,0,0,0,0,0,0,0,0,0,0,0,0,0,0,0,0,10,10,10,10,10,10,10,10,10,10,10,10,10,10,10,10,10,10,10,10,0,0,0,0,0,0,0,0,0,0,0,0,0,0,0,0,0,0,0,0
44.067243,47.016858,49.884836,52.726241,52.726241,52.726241,52.726241,52.726241,52.726241,52.726241,52.726241,52.726241,52.726241,52.726241,52.726241,52.726241,52.726241,52.726241,52.726241,52.726241,121.088759,117.039723,112.086888,111.16917,111.16917,111.16917,111.16917,111.16917,111.16917,111.16917,111.16917,111.16917,111.16917,111.16917,111.16917,111.16917,111.16917,111.16917,111.16917,111.16917,0,0,0,0,0,0,0,0,0,0,0,0,0,0,0,0,0,0,0,0,10,10,10,10,10,10,10,10,10,10,10,10,10,10,10,10,10,10,10,10,0,0,0,0,0,0,0,0,0,0,0,0,0,0,0,0,0,0,0,0
19.105433,19.847699,19.847699,19.847699,19.847699,19.847699,19.847699,19.847699,19.847699,19.847699,19.847699,19.847699,19.847699,19.847699,19.847699,19.847699,19.847699,19.847699,19.847699,19.847699,29.094502,34.439746,34.439746,34.439746,34.439746,34.439746,34.439746,34.439746,34.439746,34.439746,34.439746,34.439746,34.439746,34.439746,34.439746,34.439746,34.439746,34.439746,34.439746,34.439746,0,0,0,0,0,0,0,0,0,0,0,0,0,0,0,0,0,0,0,0,10,10,10,10,10,10,10,10,10,10,10,10,10,10,10,10,10,10,10,10,0,0,0,0,0,0,0,0,0,0,0,0,0,0,0,0,0,0,0,0
49.891609,59.0,59.0,59.0,59.0,59.0,59.0,59.0,59.0,59.0,59.0,59.0,59.0,59.0,59.0,59.0,59.0,59.0,59.0,59.0,119.898398,127.0,127.0,127.0,127.0,127.0,127.0,127.0,127.0,127.0,127.0,127.0,127.0,127.0,127.0,127.0,127.0,127.0,127.0,127.0,0,0,0,0,0,0,0,0,0,0,0,0,0,0,0,0,0,0,0,0,10,10,10,10,10,10,10,10,10,10,10,10,10,10,10,10,10,10,10,10,0,0,0,0,0,0,0,0,0,0,0,0,0,0,0,0,0,0,0,0
51.315743,44.997593,44.997593,44.997593,44.997593,44.997593,44.997593,44.997593,44.997593,44.997593,44.997593,44.997593,44.997593,44.997593,44.997593,44.997593,44.997593,44.997593,44.997593,44.997593,22.436289,23.737393,23.737393,23.737393,23.737393,23.737393,23.737393,23.737393,23.737393,23.737393,23.737393,23.737393,23.737393,23.737393,23.737393,23.737393,23.737393,23.737393,23.737393,23.737393,0,0,0,0,0,0,0,0,0,0,0,0,0,0,0,0,0,0,0,0,10,10,10,10,10,10,10,10,10,10,10,10,10,10,10,10,10,10,10,10,0,0,0,0,0,0,0,0,0,0,0,0,0,0,0,0,0,0,0,0
66.728435,70.900768,70.900768,70.900768,70.900768,70.900768,70.900768,70.900768,70.900768,70.900768,70.900768,70.900768,70.900768,70.900768,70.900768,70.900768,70.900768,70.900768,70.900768,70.900768,109.402986,102.128404,102.128404,102.128404,102.128404,102.128404,102.128404,102.128404,102.128404,102.128404,102.128404,102.128404,102.128404,102.128404,102.128404,102.128404,102.128404,102.128404,102.128404,102.128404,0,0,0,0,0,0,0,0,0,0,0,0,0,0,0,0,0,0,0,0,10,10,10,10,10,10,10,10,10,10,10,10,10,10,10,10,10,10,10,10,0,0,0,0,0,0,0,0,0,0,0,0,0,0,0,0,0,0,0,0
7.0,3.0,3.0,3.0,3.0,3.0,3.0,3.0,3.0,3.0,3.0,3.0,3.0,3.0,3.0,3.0,3.0,3.0,3.0,3.0,0.0,0.0,0.0,0.0,0.0,0.0,0.0,0.0,0.0,0.0,0.0,0.0,0.0,0.0,0.0,0.0,0.0,0.0,0.0,0.0,0,0,0,0,0,0,0,0,0,0,0,0,0,0,0,0,0,0,0,0,10,10,10,10,10,10,10,10,10,10,10,10,10,10,10,10,10,10,10,10,0,0,0,0,0,0,0,0,0,0,0,0,0,0,0,0,0,0,0,0
51.915702,57.088027,57.088027,57.088027,57.088027,57.088027,57.088027,57.088027,57.088027,57.088027,57.088027,57.088027,57.088027,57.088027,57.088027,57.088027,57.088027,57.088027,57.088027,57.088027,73.413016,66.819166,66.819166,66.819166,66.819166,66.819166,66.819166,66.819166,66.819166,66.819166,66.819166,66.819166,66.819166,66.819166,66.819166,66.819166,66.819166,66.819166,66.819166,66.819166,0,0,0,0,0,0,0,0,0,0,0,0,0,0,0,0,0,0,0,0,10,10,10,10,10,10,10,10,10,10,10,10,10,10,10,10,10,10,10,10,0,0,0,0,0,0,0,0,0,0,0,0,0,0,0,0,0,0,0,0
48.057367,44.655658,44.655658,44.655658,44.655658,44.655658,44.655658,44.655658,44.655658,44.655658,44.655658,44.655658,44.655658,44.655658,44.655658,44.655658,44.655658,44.655658,44.655658,44.655658,70.602549,61.008854,61.008854,61.008854,61.008854,61.008854,61.008854,61.008854,61.008854,61.008854,61.008854,61.008854,61.008854,61.008854,61.008854,61.008854,61.008854,61.008854,61.008854,61.008854,0,0,0,0,0,0,0,0,0,0,0,0,0,0,0,0,0,0,0,0,10,10,10,10,10,10,10,10,10,10,10,10,10,10,10,10,10,10,10,10,0,0,0,0,0,0,0,0,0,0,0,0,0,0,0,0,0,0,0,0
110.185853,111.99349,103.003581,101.839685,101.839685,101.839685,101.839685,101.839685,101.839685,101.839685,101.839685,101.839685,101.839685,101.839685,101.839685,101.839685,101.839685,101.839685,101.839685,101.839685,25.73668,17.836608,16.895979,10.224253,10.224253,10.224253,10.224253,10.224253,10.224253,10.224253,10.224253,10.224253,10.224253,10.224253,10.224253,10.224253,10.224253,10.224253,10.224253,10.224253,0,0,0,0,0,0,0,0,0,0,0,0,0,0,0,0,0,0,0,0,10,10,10,10,10,10,10,10,10,10,10,10,10,10,10,10,10,10,10,10,0,0,0,0,0,0,0,0,0,0,0,0,0,0,0,0,0,0,0,0
15.914694,11.286151,9.835266,5.899864,16.881423,20.84256,16.93962,13.594767,26.894778,18.746008,24.361736,24.361736,24.361736,24.361736,24.361736,24.361736,24.361736,24.361736,24.361736,24.361736,69.747557,68.036873,80.580863,80.336438,67.789837,74.105907,78.139762,76.179224,51.859566,45.129937,42.449763,42.449763,42.449763,42.449763,42.449763,42.449763,42.449763,42.449763,42.449763,42.449763,0,0,0,0,0,0,0,0,0,0,0,0,0,0,0,0,0,0,0,0,10,10,10,10,10,10,10,10,10,10,10,10,10,10,10,10,10,10,10,10,0,0,0,0,0,0,0,0,0,0,0,0,0,0,0,0,0,0,0,0
16.483826,19.562341,26.771622,15.129939,24.882921,33.793524,38.235558,38.235558,38.235558,38.235558,38.235558,38.235558,38.235558,38.235558,38.235558,38.235558,38.235558,38.235558,38.235558,38.235558,56.764714,48.859602,56.738172,56.054819,66.155572,55.223965,58.094614,58.094614,58.094614,58.094614,58.094614,58.094614,58.094614,58.094614,58.094614,58.094614,58.094614,58.094614,58.094614,58.094614,0,0,0,0,0,0,0,0,0,0,0,0,0,0,0,0,0,0,0,0,10,10,10,10,10,10,10,10,10,10,10,10,10,10,10,10,10,10,10,10,0,0,0,0,0,0,0,0,0,0,0,0,0,0,0,0,0,0,0,0
3.683032,3.815825,5.245681,5.245681,5.245681,5.245681,5.245681,5.245681,5.245681,5.245681,5.245681,5.245681,5.245681,5.245681,5.245681,5.245681,5.245681,5.245681,5.245681,5.245681,41.718831,42.926681,48.155595,48.155595,48.155595,48.155595,48.155595,48.155595,48.155595,48.155595,48.155595,48.155595,48.155595,48.155595,48.155595,48.155595,48.155595,48.155595,48.155595,48.155595,0,0,0,0,0,0,0,0,0,0,0,0,0,0,0,0,0,0,0,0,10,10,10,10,10,10,10,10,10,10,10,10,10,10,10,10,10,10,10,10,0,0,0,0,0,0,0,0,0,0,0,0,0,0,0,0,0,0,0,0
119.151336,113.789123,111.505584,111.971338,111.4248,111.565838,111.345046,111.285989,111.786243,107.557316,112.741186,112.87946,113.892691,114.075677,116.711719,116.711719,116.711719,116.711719,116.711719,116.711719,71.496291,59.610737,54.576748,55.168893,54.751037,53.964193,62.245646,54.102181,53.3723,61.114303,52.958705,53.054278,52.889309,52.898618,59.153025,59.153025,59.153025,59.153025,59.153025,59.153025,0,0,0,0,0,0,0,0,0,0,0,0,0,0,0,0,0,0,0,0,10,10,10,10,10,10,10,10,10,10,10,10,10,10,10,10,10,10,10,10,0,0,0,0,0,0,0,0,0,0,0,0,0,0,0,0,0,0,0,0
0.0,0.0,0.0,0.0,0.0,0.0,0.0,0.0,0.0,0.0,0.0,0.0,0.0,0.0,0.0,0.0,0.0,0.0,0.0,0.0,94.0,84.0,84.0,84.0,84.0,84.0,84.0,84.0,84.0,84.0,84.0,84.0,84.0,84.0,84.0,84.0,84.0,84.0,84.0,84.0,0,0,0,0,0,0,0,0,0,0,0,0,0,0,0,0,0,0,0,0,10,10,10,10,10,10,10,10,10,10,10,10,10,10,10,10,10,10,10,10,0,0,0,0,0,0,0,0,0,0,0,0,0,0,0,0,0,0,0,0
52.850016,61.229414,65.174883,65.254297,65.254297,65.254297,65.254297,65.254297,65.254297,65.254297,65.254297,65.254297,65.254297,65.254297,65.254297,65.254297,65.254297,65.254297,65.254297,65.254297,87.744944,95.102116,94.805503,93.003494,93.003494,93.003494,93.003494,93.003494,93.003494,93.003494,93.003494,93.003494,93.003494,93.003494,93.003494,93.003494,93.003494,93.003494,93.003494,93.003494,0,0,0,0,0,0,0,0,0,0,0,0,0,0,0,0,0,0,0,0,10,10,10,10,10,10,10,10,10,10,10,10,10,10,10,10,10,10,10,10,0,0,0,0,0,0,0,0,0,0,0,0,0,0,0,0,0,0,0,0
86.704089,80.96004,82.618442,88.875435,97.119411,97.119411,97.119411,97.119411,97.119411,97.119411,97.119411,97.119411,97.119411,97.119411,97.119411,97.119411,97.119411,97.119411,97.119411,97.119411,55.835196,60.949553,53.87644,46.294337,42.993742,42.993742,42.993742,42.993742,42.993742,42.993742,42.993742,42.993742,42.993742,42.993742,42.993742,42.993742,42.993742,42.993742,42.993742,42.993742,0,0,0,0,0,0,0,0,0,0,0,0,0,0,0,0,0,0,0,0,10,10,10,10,10,10,10,10,10,10,10,10,10,10,10,10,10,10,10,10,0,0,0,0,0,0,0,0,0,0,0,0,0,0,0,0,0,0,0,0
0.0,4.955315,3.438183,3.946065,0.0,11.061116,0.0,0.0,0.0,0.0,0.0,0.0,0.0,0.0,0.0,0.0,0.0,0.0,0.0,0.0,116.0,120.366692,109.151592,114.369924,112.0,110.944177,107.0,94.0,94.0,94.0,94.0,94.0,94.0,94.0,94.0,94.0,94.0,94.0,94.0,94.0,0,0,0,0,0,0,0,0,0,0,0,0,0,0,0,0,0,0,0,0,10,10,10,10,10,10,10,10,10,10,10,10,10,10,10,10,10,10,10,10,0,0,0,0,0,0,0,0,0,0,0,0,0,0,0,0,0,0,0,0
114.0,112.765829,114.883793,110.061261,110.061261,110.061261,110.061261,110.061261,110.061261,110.061261,110.061261,110.061261,110.061261,110.061261,110.061261,110.061261,110.061261,110.061261,110.061261,110.061261,101.0,96.087075,82.391132,86.104099,86.104099,86.104099,86.104099,86.104099,86.104099,86.104099,86.104099,86.104099,86.104099,86.104099,86.104099,86.104099,86.104099,86.104099,86.104099,86.104099,0,0,0,0,0,0,0,0,0,0,0,0,0,0,0,0,0,0,0,0,10,10,10,10,10,10,10,10,10,10,10,10,10,10,10,10,10,10,10,10,0,0,0,0,0,0,0,0,0,0,0,0,0,0,0,0,0,0,0,0
22.465952,17.044119,19.202901,19.202901,19.202901,19.202901,19.202901,19.202901,19.202901,19.202901,19.202901,19.202901,19.202901,19.202901,19.202901,19.202901,19.202901,19.202901,19.202901,19.202901,121.137105,108.981201,121.915382,121.915382,121.915382,121.915382,121.915382,121.915382,121.915382,121.915382,121.915382,121.915382,121.915382,121.915382,121.915382,121.915382,121.915382,121.915382,121.915382,121.915382,0,0,0,0,0,0,0,0,0,0,0,0,0,0,0,0,0,0,0,0,10,10,10,10,10,10,10,10,10,10,10,10,10,10,10,10,10,10,10,10,0,0,0,0,0,0,0,0,0,0,0,0,0,0,0,0,0,0,0,0
3.455927,2.100478,10.51472,21.846186,15.976655,23.566801,10.056342,10.073483,13.103201,13.103201,13.103201,13.103201,13.103201,13.103201,13.103201,13.103201,13.103201,13.103201,13.103201,13.103201,15.406193,30.311824,29.708706,33.857426,38.090543,25.874124,33.197307,32.153175,36.751241,36.751241,36.751241,36.751241,36.751241,36.751241,36.751241,36.751241,36.751241,36.751241,36.751241,36.751241,0,0,0,0,0,0,0,0,0,0,0,0,0,0,0,0,0,0,0,0,10,10,10,10,10,10,10,10,10,10,10,10,10,10,10,10,10,10,10,10,0,0,0,0,0,0,0,0,0,0,0,0,0,0,0,0,0,0,0,0
74.531612,76.200507,67.012788,67.012788,67.012788,67.012788,67.012788,67.012788,67.012788,67.012788,67.012788,67.012788,67.012788,67.012788,67.012788,67.012788,67.012788,67.012788,67.012788,67.012788,117.221159,116.825108,105.378638,105.378638,105.378638,105.378638,105.378638,105.378638,105.378638,105.378638,105.378638,105.378638,105.378638,105.378638,105.378638,105.378638,105.378638,105.378638,105.378638,105.378638,0,0,0,0,0,0,0,0,0,0,0,0,0,0,0,0,0,0,0,0,10,10,10,10,10,10,10,10,10,10,10,10,10,10,10,10,10,10,10,10,0,0,0,0,0,0,0,0,0,0,0,0,0,0,0,0,0,0,0,0
85.886846,79.722405,67.066285,62.090165,56.042313,62.056683,47.806744,47.806744,47.806744,47.806744,47.806744,47.806744,47.806744,47.806744,47.806744,47.806744,47.806744,47.806744,47.806744,47.806744,84.241399,96.909926,97.638584,99.211024,95.07739,100.872116,101.642388,101.642388,101.642388,101.642388,101.642388,101.642388,101.642388,101.642388,101.642388,101.642388,101.642388,101.642388,101.642388,101.642388,0,0,0,0,0,0,0,0,0,0,0,0,0,0,0,0,0,0,0,0,10,10,10,10,10,10,10,10,10,10,10,10,10,10,10,10,10,10,10,10,0,0,0,0,0,0,0,0,0,0,0,0,0,0,0,0,0,0,0,0
84.758882,92.761666,92.761666,92.761666,92.761666,92.761666,92.761666,92.761666,92.761666,92.761666,92.761666,92.761666,92.761666,92.761666,92.761666,92.761666,92.761666,92.761666,92.761666,92.761666,122.854844,120.565506,120.565506,120.565506,120.565506,120.565506,120.565506,120.565506,120.565506,120.565506,120.565506,120.565506,120.565506,120.565506,120.565506,120.565506,120.565506,120.565506,120.565506,120.565506,0,0,0,0,0,0,0,0,0,0,0,0,0,0,0,0,0,0,0,0,10,10,10,10,10,10,10,10,10,10,10,10,10,10,10,10,10,10,10,10,0,0,0,0,0,0,0,0,0,0,0,0,0,0,0,0,0,0,0,0
22.273267,28.468697,28.221153,25.126646,34.117568,34.117568,34.117568,34.117568,34.117568,34.117568,34.117568,34.117568,34.117568,34.117568,34.117568,34.117568,34.117568,34.117568,34.117568,34.117568,106.727513,113.626484,109.047504,112.854521,111.843685,111.843685,111.843685,111.843685,111.843685,111.843685,111.843685,111.843685,111.843685,111.843685,111.843685,111.843685,111.843685,111.843685,111.843685,111.843685,0,0,0,0,0,0,0,0,0,0,0,0,0,0,0,0,0,0,0,0,10,10,10,10,10,10,10,10,10,10,10,10,10,10,10,10,10,10,10,10,0,0,0,0,0,0,0,0,0,0,0,0,0,0,0,0,0,0,0,0
24.0,37.0,25.821602,25.821602,25.821602,25.821602,25.821602,25.821602,25.821602,25.821602,25.821602,25.821602,25.821602,25.821602,25.821602,25.821602,25.821602,25.821602,25.821602,25.821602,0.0,0.0,5.187077,5.187077,5.187077,5.187077,5.187077,5.187077,5.187077,5.187077,5.187077,5.187077,5.187077,5.187077,5.187077,5.187077,5.187077,5.187077,5.187077,5.187077,0,0,0,0,0,0,0,0,0,0,0,0,0,0,0,0,0,0,0,0,10,10,10,10,10,10,10,10,10,10,10,10,10,10,10,10,10,10,10,10,0,0,0,0,0,0,0,0,0,0,0,0,0,0,0,0,0,0,0,0
127.0,123.206369,123.206369,123.206369,123.206369,123.206369,123.206369,123.206369,123.206369,123.206369,123.206369,123.206369,123.206369,123.206369,123.206369,123.206369,123.206369,123.206369,123.206369,123.206369,28.0,21.819364,21.819364,21.819364,21.819364,21.819364,21.819364,21.819364,21.819364,21.819364,21.819364,21.819364,21.819364,21.819364,21.819364,21.819364,21.819364,21.819364,21.819364,21.819364,0,0,0,0,0,0,0,0,0,0,0,0,0,0,0,0,0,0,0,0,10,10,10,10,10,10,10,10,10,10,10,10,10,10,10,10,10,10,10,10,0,0,0,0,0,0,0,0,0,0,0,0,0,0,0,0,0,0,0,0
61.097123,58.106239,63.510542,67.907779,67.907779,67.907779,67.907779,67.907779,67.907779,67.907779,67.907779,67.907779,67.907779,67.907779,67.907779,67.907779,67.907779,67.907779,67.907779,67.907779,124.202088,119.450177,121.093416,110.611308,110.611308,110.611308,110.611308,110.611308,110.611308,110.611308,110.611308,110.611308,110.611308,110.611308,110.611308,110.611308,110.611308,110.611308,110.611308,110.611308,0,0,0,0,0,0,0,0,0,0,0,0,0,0,0,0,0,0,0,0,10,10,10,10,10,10,10,10,10,10,10,10,10,10,10,10,10,10,10,10,0,0,0,0,0,0,0,0,0,0,0,0,0,0,0,0,0,0,0,0
68.899184,72.243381,77.079239,81.051953,81.051953,81.051953,81.051953,81.051953,81.051953,81.051953,81.051953,81.051953,81.051953,81.051953,81.051953,81.051953,81.051953,81.051953,81.051953,81.051953,19.097149,18.351113,18.063729,7.547393,7.547393,7.547393,7.547393,7.547393,7.547393,7.547393,7.547393,7.547393,7.547393,7.547393,7.547393,7.547393,7.547393,7.547393,7.547393,7.547393,0,0,0,0,0,0,0,0,0,0,0,0,0,0,0,0,0,0,0,0,10,10,10,10,10,10,10,10,10,10,10,10,10,10,10,10,10,10,10,10,0,0,0,0,0,0,0,0,0,0,0,0,0,0,0,0,0,0,0,0
52.753552,56.157828,52.040503,43.272498,43.272498,43.272498,43.272498,43.272498,43.272498,43.272498,43.272498,43.272498,43.272498,43.272498,43.272498,43.272498,43.272498,43.272498,43.272498,43.272498,116.067959,119.417781,105.788191,100.032171,100.032171,100.032171,100.032171,100.032171,100.032171,100.032171,100.032171,100.032171,100.032171,100.032171,100.032171,100.032171,100.032171,100.032171,100.032171,100.032171,0,0,0,0,0,0,0,0,0,0,0,0,0,0,0,0,0,0,0,0,10,10,10,10,10,10,10,10,10,10,10,10,10,10,10,10,10,10,10,10,0,0,0,0,0,0,0,0,0,0,0,0,0,0,0,0,0,0,0,0
26.012156,32.898331,32.898331,32.898331,32.898331,32.898331,32.898331,32.898331,32.898331,32.898331,32.898331,32.898331,32.898331,32.898331,32.898331,32.898331,32.898331,32.898331,32.898331,32.898331,123.150686,113.929139,113.929139,113.929139,113.929139,113.929139,113.929139,113.929139,113.929139,113.929139,113.929139,113.929139,113.929139,113.929139,113.929139,113.929139,113.929139,113.929139,113.929139,113.929139,0,0,0,0,0,0,0,0,0,0,0,0,0,0,0,0,0,0,0,0,10,10,10,10,10,10,10,10,10,10,10,10,10,10,10,10,10,10,10,10,0,0,0,0,0,0,0,0,0,0,0,0,0,0,0,0,0,0,0,0
38.034106,40.938232,40.938232,40.938232,40.938232,40.938232,40.938232,40.938232,40.938232,40.938232,40.938232,40.938232,40.938232,40.938232,40.938232,40.938232,40.938232,40.938232,40.938232,40.938232,120.678729,121.153315,121.153315,121.153315,121.153315,121.153315,121.153315,121.153315,121.153315,121.153315,121.153315,121.153315,121.153315,121.153315,121.153315,121.153315,121.153315,121.153315,121.153315,121.153315,0,0,0,0,0,0,0,0,0,0,0,0,0,0,0,0,0,0,0,0,10,10,10,10,10,10,10,10,10,10,10,10,10,10,10,10,10,10,10,10,0,0,0,0,0,0,0,0,0,0,0,0,0,0,0,0,0,0,0,0
127.0,127.0,127.0,124.039702,124.039702,124.039702,124.039702,124.039702,124.039702,124.039702,124.039702,124.039702,124.039702,124.039702,124.039702,124.039702,124.039702,124.039702,124.039702,124.039702,12.0,13.0,5.0,18.174473,18.174473,18.174473,18.174473,18.174473,18.174473,18.174473,18.174473,18.174473,18.174473,18.174473,18.174473,18.174473,18.174473,18.174473,18.174473,18.174473,0,0,0,0,0,0,0,0,0,0,0,0,0,0,0,0,0,0,0,0,10,10,10,10,10,10,10,10,10,10,10,10,10,10,10,10,10,10,10,10,0,0,0,0,0,0,0,0,0,0,0,0,0,0,0,0,0,0,0,0
43.825783,34.726973,34.726973,34.726973,34.726973,34.726973,34.726973,34.726973,34.726973,34.726973,34.726973,34.726973,34.726973,34.726973,34.726973,34.726973,34.726973,34.726973,34.726973,34.726973,66.49625,67.601614,67.601614,67.601614,67.601614,67.601614,67.601614,67.601614,67.601614,67.601614,67.601614,67.601614,67.601614,67.601614,67.601614,67.601614,67.601614,67.601614,67.601614,67.601614,0,0,0,0,0,0,0,0,0,0,0,0,0,0,0,0,0,0,0,0,10,10,10,10,10,10,10,10,10,10,10,10,10,10,10,10,10,10,10,10,0,0,0,0,0,0,0,0,0,0,0,0,0,0,0,0,0,0,0,0
66.615876,64.448966,70.855625,70.855625,70.855625,70.855625,70.855625,70.855625,70.855625,70.855625,70.855625,70.855625,70.855625,70.855625,70.855625,70.855625,70.855625,70.855625,70.855625,70.855625,32.166562,30.292487,21.146115,21.146115,21.146115,21.146115,21.146115,21.146115,21.146115,21.146115,21.146115,21.146115,21.146115,21.146115,21.146115,21.146115,21.146115,21.146115,21.146115,21.146115,0,0,0,0,0,0,0,0,0,0,0,0,0,0,0,0,0,0,0,0,10,10,10,10,10,10,10,10,10,10,10,10,10,10,10,10,10,10,10,10,0,0,0,0,0,0,0,0,0,0,0,0,0,0,0,0,0,0,0,0
76.073763,69.294455,68.15046,67.929058,67.929058,67.929058,67.929058,67.929058,67.929058,67.929058,67.929058,67.929058,67.929058,67.929058,67.929058,67.929058,67.929058,67.929058,67.929058,67.929058,123.043748,115.94946,115.433333,114.58241,114.58241,114.58241,114.58241,114.58241,114.58241,114.58241,114.58241,114.58241,114.58241,114.58241,114.58241,114.58241,114.58241,114.58241,114.58241,114.58241,0,0,0,0,0,0,0,0,0,0,0,0,0,0,0,0,0,0,0,0,10,10,10,10,10,10,10,10,10,10,10,10,10,10,10,10,10,10,10,10,0,0,0,0,0,0,0,0,0,0,0,0,0,0,0,0,0,0,0,0
17.362268,18.985408,9.875786,0.0,0.0,0.0,0.0,0.0,0.0,0.0,0.0,0.0,0.0,0.0,0.0,0.0,0.0,0.0,0.0,0.0,18.610789,20.243899,28.761324,21.0,18.0,18.0,18.0,18.0,18.0,18.0,18.0,18.0,18.0,18.0,18.0,18.0,18.0,18.0,18.0,18.0,0,0,0,0,0,0,0,0,0,0,0,0,0,0,0,0,0,0,0,0,10,10,10,10,10,10,10,10,10,10,10,10,10,10,10,10,10,10,10,10,0,0,0,0,0,0,0,0,0,0,0,0,0,0,0,0,0,0,0,0
111.596536,106.319045,106.312073,102.000241,108.955187,101.010476,113.888475,117.061571,107.996823,108.327666,107.814057,111.982866,107.338255,107.234248,113.03317,107.094174,119.668603,107.86344,127.0,79.23771,96.507018,118.27514,92.743917,120.741687,87.746621,89.729457,117.559239,117.951619,117.463362,100.044337,116.147315,109.920141,116.196518,116.178071,117.012762,117.639802,123.78545,119.020278,117.345272,103.037324,110.905957,102.10267,102.489777,101.662442,102.726406,101.263996,119.939006,101.504159,101.516571,106.616041,119.995313,101.591088,97.982613,101.435453,113.789499,100.964386,100.879503,100.844329,100.315787,119.366263,110.684877,111.204837,127.0,112.462743,127.0,120.501412,121.048221,112.965317,121.874025,120.890141,120.261243,120.085469,119.889104,120.154108,119.978853,112.198397,120.646997,118.689345,112.120337,108.203803,119.911194,117.887423,110.966672,121.810444,122.652845,102.657891,117.917496,118.840962,118.323575,123.00495,122.848315,123.798498,87.403772,118.466448,93.03766,86.874331,91.013832,97.975603,73.052252,72.857772,74.703311,120.052063,79.977352,120.739964,120.717359,120.866409,121.409807,121.638124,122.035347,120.893451,123.671153,123.697785,122.821316,123.008697,122.898421,122.963496,123.009284,122.863167,122.922155,122.182637,122.638127,123.944894,124.083727,124.320588,69.779981,66.783812,66.152507,66.307234,65.894199,68.017591,61.874353,85.780417,52.837885,52.364487,52.130034,72.552669,52.583338,52.004872,96.357991,52.089601,91.071512,51.728692,95.0,48.420437,85.787347,31.788293,84.013086,106.186568,58.697717,93.848106,50.447247,50.135791,50.14465,99.981894,50.58341,42.818176,38.072273,51.991317,51.105059,51.179487,43.790405,51.004194,37.757543,39.045194,31.87179,50.093151,50.350996,50.146992,66.10674,50.138442,47.149147,49.790083,49.910182,36.355748,46.692757,49.625122,44.102738,50.144318,44.981224,49.939935,50.451198,50.030705,50.707295,48.914909,44.056269,55.716412,56.0,56.086826,49.0,52.67864,52.603478,57.4408,53.598163,53.322709,53.992358,54.633344,54.776429,54.973719,55.24565,44.751948,56.235079,25.253567,58.66923,40.64422,57.980013,18.685573,47.001311,14.126692,27.963109,71.850742,47.711717,61.121622,35.090499,61.208472,56.138623,57.7415,59.89642,59.645677,56.946683,45.995325,47.248952,37.310207,42.778552,44.935834,45.881451,41.783572,64.458547,60.399912,59.934049,60.585509,60.462428,60.238056,59.211802,52.002548,57.851614,58.619777,59.001847,58.149566,57.811318,58.240526,58.104259,57.13195,56.954706,66.239155,57.83598,56.995317,56.069233,55.556932,0,0,0,0,0,0,0,0,0,0,0,0,0,0,0,0,0,0,0,0,0,0,0,0,0,0,0,0,0,0,0,0,0,0,0,0,0,0,0,0,0,0,0,0,0,0,0,0,0,0,0,0,0,0,0,0,0,0,0,0,0,0,0,0,0,0,0,0,0,0,0,0,0,0,0,0,0,0,0,0,0,0,0,0,0,0,0,0,0,0,0,0,0,0,0,0,0,0,0,0,0,0,0,0,0,0,0,0,0,0,0,0,0,0,0,0,0,0,0,0,0,0,0,0,10,10,10,10,10,10,10,10,10,10,10,10,10,10,10,10,10,10,10,10,10,10,10,10,10,10,10,10,10,10,10,10,10,10,10,10,10,10,10,10,10,10,10,10,10,10,10,10,10,10,10,10,10,10,10,10,10,10,10,10,10,10,10,10,10,10,10,10,10,10,10,10,10,10,10,10,10,10,10,10,10,10,10,10,10,10,10,10,10,10,10,10,10,10,10,10,10,10,10,10,10,10,10,10,10,10,10,10,10,10,10,10,10,10,10,10,10,10,10,10,10,10,10,10,0,0,0,0,0,0,0,0,0,0,0,0,0,0,0,0,0,0,0,0,0,0,0,0,0,0,0,0,0,0,0,0,0,0,0,0,0,0,0,0,0,0,0,0,0,0,0,0,0,0,0,0,0,0,0,0,0,0,0,0,0,0,0,0,0,0,0,0,0,0,0,0,0,0,0,0,0,0,0,0,0,0,0,0,0,0,0,0,0,0,0,0,0,0,0,0,0,0,0,0,0,0,0,0,0,0,0,0,0,0,0,0,0,0,0,0,0,0,0,0,0,0,0,0
127.0,119.576948,118.019802,117.671621,127.0,127.0,127.0,127.0,127.0,127.0,127.0,127.0,127.0,127.0,127.0,127.0,127.0,127.0,127.0,127.0,88.0,96.984049,102.676436,99.7178,100.0,100.0,100.0,100.0,100.0,100.0,100.0,100.0,100.0,100.0,100.0,100.0,100.0,100.0,100.0,100.0,0,0,0,0,0,0,0,0,0,0,0,0,0,0,0,0,0,0,0,0,10,10,10,10,10,10,10,10,10,10,10,10,10,10,10,10,10,10,10,10,0,0,0,0,0,0,0,0,0,0,0,0,0,0,0,0,0,0,0,0
72.385161,73.296779,80.92948,85.342456,87.292993,87.292993,87.292993,87.292993,87.292993,87.292993,87.292993,87.292993,87.292993,87.292993,87.292993,87.292993,87.292993,87.292993,87.292993,87.292993,90.976771,79.175178,69.820736,64.678778,68.900739,68.900739,68.900739,68.900739,68.900739,68.900739,68.900739,68.900739,68.900739,68.900739,68.900739,68.900739,68.900739,68.900739,68.900739,68.900739,0,0,0,0,0,0,0,0,0,0,0,0,0,0,0,0,0,0,0,0,10,10,10,10,10,10,10,10,10,10,10,10,10,10,10,10,10,10,10,10,0,0,0,0,0,0,0,0,0,0,0,0,0,0,0,0,0,0,0,0
86.078081,83.563114,83.563114,83.563114,83.563114,83.563114,83.563114,83.563114,83.563114,83.563114,83.563114,83.563114,83.563114,83.563114,83.563114,83.563114,83.563114,83.563114,83.563114,83.563114,84.303069,84.238083,84.238083,84.238083,84.238083,84.238083,84.238083,84.238083,84.238083,84.238083,84.238083,84.238083,84.238083,84.238083,84.238083,84.238083,84.238083,84.238083,84.238083,84.238083,0,0,0,0,0,0,0,0,0,0,0,0,0,0,0,0,0,0,0,0,10,10,10,10,10,10,10,10,10,10,10,10,10,10,10,10,10,10,10,10,0,0,0,0,0,0,0,0,0,0,0,0,0,0,0,0,0,0,0,0
22.728691,26.0,25.858755,24.11697,20.936578,19.0,21.290882,23.050208,23.050208,23.050208,23.050208,23.050208,23.050208,23.050208,23.050208,23.050208,23.050208,23.050208,23.050208,23.050208,114.561361,127.0,120.930351,121.832517,118.2188,127.0,123.019206,124.3121,124.3121,124.3121,124.3121,124.3121,124.3121,124.3121,124.3121,124.3121,124.3121,124.3121,124.3121,124.3121,0,0,0,0,0,0,0,0,0,0,0,0,0,0,0,0,0,0,0,0,10,10,10,10,10,10,10,10,10,10,10,10,10,10,10,10,10,10,10,10,0,0,0,0,0,0,0,0,0,0,0,0,0,0,0,0,0,0,0,0
4.0,0.0,0.0,0.0,0.0,0.0,0.0,0.0,0.0,0.0,0.0,0.0,0.0,0.0,0.0,0.0,0.0,0.0,0.0,0.0,0.0,8.0,8.0,8.0,8.0,8.0,8.0,8.0,8.0,8.0,8.0,8.0,8.0,8.0,8.0,8.0,8.0,8.0,8.0,8.0,0,0,0,0,0,0,0,0,0,0,0,0,0,0,0,0,0,0,0,0,10,10,10,10,10,10,10,10,10,10,10,10,10,10,10,10,10,10,10,10,0,0,0,0,0,0,0,0,0,0,0,0,0,0,0,0,0,0,0,0
122.312769,124.114255,117.901089,114.524526,114.757534,114.584873,114.205138,114.845571,115.493364,115.542947,115.110008,115.563791,114.972223,115.035207,115.800123,116.455935,127.0,127.0,127.0,127.0,29.823862,39.809459,50.891887,52.467954,52.792361,51.598485,52.002793,52.402162,52.519454,52.977875,52.881244,52.986273,52.845222,52.190684,52.498247,52.481034,51.0,54.0,54.0,54.0,0,0,0,0,0,0,0,0,0,0,0,0,0,0,0,0,0,0,0,0,10,10,10,10,10,10,10,10,10,10,10,10,10,10,10,10,10,10,10,10,0,0,0,0,0,0,0,0,0,0,0,0,0,0,0,0,0,0,0,0
11.637453,12.797358,9.0,9.0,9.0,9.0,9.0,9.0,9.0,9.0,9.0,9.0,9.0,9.0,9.0,9.0,9.0,9.0,9.0,9.0,9.24692,4.954006,0.0,0.0,0.0,0.0,0.0,0.0,0.0,0.0,0.0,0.0,0.0,0.0,0.0,0.0,0.0,0.0,0.0,0.0,0,0,0,0,0,0,0,0,0,0,0,0,0,0,0,0,0,0,0,0,10,10,10,10,10,10,10,10,10,10,10,10,10,10,10,10,10,10,10,10,0,0,0,0,0,0,0,0,0,0,0,0,0,0,0,0,0,0,0,0
77.098088,69.052142,69.052142,69.052142,69.052142,69.052142,69.052142,69.052142,69.052142,69.052142,69.052142,69.052142,69.052142,69.052142,69.052142,69.052142,69.052142,69.052142,69.052142,69.052142,43.373202,38.120988,38.120988,38.120988,38.120988,38.120988,38.120988,38.120988,38.120988,38.120988,38.120988,38.120988,38.120988,38.120988,38.120988,38.120988,38.120988,38.120988,38.120988,38.120988,0,0,0,0,0,0,0,0,0,0,0,0,0,0,0,0,0,0,0,0,10,10,10,10,10,10,10,10,10,10,10,10,10,10,10,10,10,10,10,10,0,0,0,0,0,0,0,0,0,0,0,0,0,0,0,0,0,0,0,0
72.403924,73.12627,79.192576,71.927647,68.880435,67.835857,66.248969,55.521733,55.521733,55.521733,55.521733,55.521733,55.521733,55.521733,55.521733,55.521733,55.521733,55.521733,55.521733,55.521733,48.006932,45.406649,56.274566,59.366936,64.634561,64.348242,64.940085,59.639542,59.639542,59.639542,59.639542,59.639542,59.639542,59.639542,59.639542,59.639542,59.639542,59.639542,59.639542,59.639542,0,0,0,0,0,0,0,0,0,0,0,0,0,0,0,0,0,0,0,0,10,10,10,10,10,10,10,10,10,10,10,10,10,10,10,10,10,10,10,10,0,0,0,0,0,0,0,0,0,0,0,0,0,0,0,0,0,0,0,0
19.132453,27.996628,27.996628,27.996628,27.996628,27.996628,27.996628,27.996628,27.996628,27.996628,27.996628,27.996628,27.996628,27.996628,27.996628,27.996628,27.996628,27.996628,27.996628,27.996628,16.949901,11.972985,11.972985,11.972985,11.972985,11.972985,11.972985,11.972985,11.972985,11.972985,11.972985,11.972985,11.972985,11.972985,11.972985,11.972985,11.972985,11.972985,11.972985,11.972985,0,0,0,0,0,0,0,0,0,0,0,0,0,0,0,0,0,0,0,0,10,10,10,10,10,10,10,10,10,10,10,10,10,10,10,10,10,10,10,10,0,0,0,0,0,0,0,0,0,0,0,0,0,0,0,0,0,0,0,0
39.128345,43.927569,45.994933,50.256015,44.951977,45.184011,51.881033,51.881033,51.881033,51.881033,51.881033,51.881033,51.881033,51.881033,51.881033,51.881033,51.881033,51.881033,51.881033,51.881033,28.136643,31.077344,36.704084,38.631734,39.807993,29.99627,34.64914,34.64914,34.64914,34.64914,34.64914,34.64914,34.64914,34.64914,34.64914,34.64914,34.64914,34.64914,34.64914,34.64914,0,0,0,0,0,0,0,0,0,0,0,0,0,0,0,0,0,0,0,0,10,10,10,10,10,10,10,10,10,10,10,10,10,10,10,10,10,10,10,10,0,0,0,0,0,0,0,0,0,0,0,0,0,0,0,0,0,0,0,0
65.656259,64.905361,64.905361,64.905361,64.905361,64.905361,64.905361,64.905361,64.905361,64.905361,64.905361,64.905361,64.905361,64.905361,64.905361,64.905361,64.905361,64.905361,64.905361,64.905361,6.348391,10.150574,10.150574,10.150574,10.150574,10.150574,10.150574,10.150574,10.150574,10.150574,10.150574,10.150574,10.150574,10.150574,10.150574,10.150574,10.150574,10.150574,10.150574,10.150574,0,0,0,0,0,0,0,0,0,0,0,0,0,0,0,0,0,0,0,0,10,10,10,10,10,10,10,10,10,10,10,10,10,10,10,10,10,10,10,10,0,0,0,0,0,0,0,0,0,0,0,0,0,0,0,0,0,0,0,0
19.679762,22.071226,22.834502,22.834502,22.834502,22.834502,22.834502,22.834502,22.834502,22.834502,22.834502,22.834502,22.834502,22.834502,22.834502,22.834502,22.834502,22.834502,22.834502,22.834502,57.588257,59.676955,57.125685,57.125685,57.125685,57.125685,57.125685,57.125685,57.125685,57.125685,57.125685,57.125685,57.125685,57.125685,57.125685,57.125685,57.125685,57.125685,57.125685,57.125685,0,0,0,0,0,0,0,0,0,0,0,0,0,0,0,0,0,0,0,0,10,10,10,10,10,10,10,10,10,10,10,10,10,10,10,10,10,10,10,10,0,0,0,0,0,0,0,0,0,0,0,0,0,0,0,0,0,0,0,0
84.509105,77.994263,77.994263,77.994263,77.994263,77.994263,77.994263,77.994263,77.994263,77.994263,77.994263,77.994263,77.994263,77.994263,77.994263,77.994263,77.994263,77.994263,77.994263,77.994263,117.704747,122.36238,122.36238,122.36238,122.36238,122.36238,122.36238,122.36238,122.36238,122.36238,122.36238,122.36238,122.36238,122.36238,122.36238,122.36238,122.36238,122.36238,122.36238,122.36238,0,0,0,0,0,0,0,0,0,0,0,0,0,0,0,0,0,0,0,0,10,10,10,10,10,10,10,10,10,10,10,10,10,10,10,10,10,10,10,10,0,0,0,0,0,0,0,0,0,0,0,0,0,0,0,0,0,0,0,0
64.0,72.243063,72.243063,72.243063,72.243063,72.243063,72.243063,72.243063,72.243063,72.243063,72.243063,72.243063,72.243063,72.243063,72.243063,72.243063,72.243063,72.243063,72.243063,72.243063,0.0,4.124231,4.124231,4.124231,4.124231,4.124231,4.124231,4.124231,4.124231,4.124231,4.124231,4.124231,4.124231,4.124231,4.124231,4.124231,4.124231,4.124231,4.124231,4.124231,0,0,0,0,0,0,0,0,0,0,0,0,0,0,0,0,0,0,0,0,10,10,10,10,10,10,10,10,10,10,10,10,10,10,10,10,10,10,10,10,0,0,0,0,0,0,0,0,0,0,0,0,0,0,0,0,0,0,0,0
24.948683,32.202361,32.202361,32.202361,32.202361,32.202361,32.202361,32.202361,32.202361,32.202361,32.202361,32.202361,32.202361,32.202361,32.202361,32.202361,32.202361,32.202361,32.202361,32.202361,82.585774,83.258941,83.258941,83.258941,83.258941,83.258941,83.258941,83.258941,83.258941,83.258941,83.258941,83.258941,83.258941,83.258941,83.258941,83.258941,83.258941,83.258941,83.258941,83.258941,0,0,0,0,0,0,0,0,0,0,0,0,0,0,0,0,0,0,0,0,10,10,10,10,10,10,10,10,10,10,10,10,10,10,10,10,10,10,10,10,0,0,0,0,0,0,0,0,0,0,0,0,0,0,0,0,0,0,0,0
62.144034,59.920409,59.920409,59.920409,59.920409,59.920409,59.920409,59.920409,59.920409,59.920409,59.920409,59.920409,59.920409,59.920409,59.920409,59.920409,59.920409,59.920409,59.920409,59.920409,124.059884,124.130579,124.130579,124.130579,124.130579,124.130579,124.130579,124.130579,124.130579,124.130579,124.130579,124.130579,124.130579,124.130579,124.130579,124.130579,124.130579,124.130579,124.130579,124.130579,0,0,0,0,0,0,0,0,0,0,0,0,0,0,0,0,0,0,0,0,10,10,10,10,10,10,10,10,10,10,10,10,10,10,10,10,10,10,10,10,0,0,0,0,0,0,0,0,0,0,0,0,0,0,0,0,0,0,0,0
46.070985,37.200145,37.200145,37.200145,37.200145,37.200145,37.200145,37.200145,37.200145,37.200145,37.200145,37.200145,37.200145,37.200145,37.200145,37.200145,37.200145,37.200145,37.200145,37.200145,90.693154,97.445797,97.445797,97.445797,97.445797,97.445797,97.445797,97.445797,97.445797,97.445797,97.445797,97.445797,97.445797,97.445797,97.445797,97.445797,97.445797,97.445797,97.445797,97.445797,0,0,0,0,0,0,0,0,0,0,0,0,0,0,0,0,0,0,0,0,10,10,10,10,10,10,10,10,10,10,10,10,10,10,10,10,10,10,10,10,0,0,0,0,0,0,0,0,0,0,0,0,0,0,0,0,0,0,0,0
94.663667,91.123034,91.0,91.0,91.0,91.0,91.0,91.0,91.0,91.0,91.0,91.0,91.0,91.0,91.0,91.0,91.0,91.0,91.0,91.0,3.012034,8.025251,0.0,0.0,0.0,0.0,0.0,0.0,0.0,0.0,0.0,0.0,0.0,0.0,0.0,0.0,0.0,0.0,0.0,0.0,0,0,0,0,0,0,0,0,0,0,0,0,0,0,0,0,0,0,0,0,10,10,10,10,10,10,10,10,10,10,10,10,10,10,10,10,10,10,10,10,0,0,0,0,0,0,0,0,0,0,0,0,0,0,0,0,0,0,0,0
62.380297,66.422579,68.162736,68.162736,68.162736,68.162736,68.162736,68.162736,68.162736,68.162736,68.162736,68.162736,68.162736,68.162736,68.162736,68.162736,68.162736,68.162736,68.162736,68.162736,23.596907,37.776411,39.425976,39.425976,39.425976,39.425976,39.425976,39.425976,39.425976,39.425976,39.425976,39.425976,39.425976,39.425976,39.425976,39.425976,39.425976,39.425976,39.425976,39.425976,0,0,0,0,0,0,0,0,0,0,0,0,0,0,0,0,0,0,0,0,10,10,10,10,10,10,10,10,10,10,10,10,10,10,10,10,10,10,10,10,0,0,0,0,0,0,0,0,0,0,0,0,0,0,0,0,0,0,0,0
31.040945,38.118947,36.560903,39.135771,39.560698,39.560698,39.560698,39.560698,39.560698,39.560698,39.560698,39.560698,39.560698,39.560698,39.560698,39.560698,39.560698,39.560698,39.560698,39.560698,119.091405,123.727571,109.037695,110.211584,112.372583,112.372583,112.372583,112.372583,112.372583,112.372583,112.372583,112.372583,112.372583,112.372583,112.372583,112.372583,112.372583,112.372583,112.372583,112.372583,0,0,0,0,0,0,0,0,0,0,0,0,0,0,0,0,0,0,0,0,10,10,10,10,10,10,10,10,10,10,10,10,10,10,10,10,10,10,10,10,0,0,0,0,0,0,0,0,0,0,0,0,0,0,0,0,0,0,0,0
47.662593,50.109959,50.109959,50.109959,50.109959,50.109959,50.109959,50.109959,50.109959,50.109959,50.109959,50.109959,50.109959,50.109959,50.109959,50.109959,50.109959,50.109959,50.109959,50.109959,64.082995,62.186966,62.186966,62.186966,62.186966,62.186966,62.186966,62.186966,62.186966,62.186966,62.186966,62.186966,62.186966,62.186966,62.186966,62.186966,62.186966,62.186966,62.186966,62.186966,0,0,0,0,0,0,0,0,0,0,0,0,0,0,0,0,0,0,0,0,10,10,10,10,10,10,10,10,10,10,10,10,10,10,10,10,10,10,10,10,0,0,0,0,0,0,0,0,0,0,0,0,0,0,0,0,0,0,0,0
37.88091,44.905601,44.905601,44.905601,44.905601,44.905601,44.905601,44.905601,44.905601,44.905601,44.905601,44.905601,44.905601,44.905601,44.905601,44.905601,44.905601,44.905601,44.905601,44.905601,82.993337,86.173607,86.173607,86.173607,86.173607,86.173607,86.173607,86.173607,86.173607,86.173607,86.173607,86.173607,86.173607,86.173607,86.173607,86.173607,86.173607,86.173607,86.173607,86.173607,0,0,0,0,0,0,0,0,0,0,0,0,0,0,0,0,0,0,0,0,10,10,10,10,10,10,10,10,10,10,10,10,10,10,10,10,10,10,10,10,0,0,0,0,0,0,0,0,0,0,0,0,0,0,0,0,0,0,0,0
62.114637,51.763953,52.995951,55.30192,66.30745,65.809804,65.809804,65.809804,65.809804,65.809804,65.809804,65.809804,65.809804,65.809804,65.809804,65.809804,65.809804,65.809804,65.809804,65.809804,92.674288,85.433264,96.867371,86.887049,82.931862,88.530992,88.530992,88.530992,88.530992,88.530992,88.530992,88.530992,88.530992,88.530992,88.530992,88.530992,88.530992,88.530992,88.530992,88.530992,0,0,0,0,0,0,0,0,0,0,0,0,0,0,0,0,0,0,0,0,10,10,10,10,10,10,10,10,10,10,10,10,10,10,10,10,10,10,10,10,0,0,0,0,0,0,0,0,0,0,0,0,0,0,0,0,0,0,0,0
38.902486,38.801456,38.801456,38.801456,38.801456,38.801456,38.801456,38.801456,38.801456,38.801456,38.801456,38.801456,38.801456,38.801456,38.801456,38.801456,38.801456,38.801456,38.801456,38.801456,72.024846,62.637049,62.637049,62.637049,62.637049,62.637049,62.637049,62.637049,62.637049,62.637049,62.637049,62.637049,62.637049,62.637049,62.637049,62.637049,62.637049,62.637049,62.637049,62.637049,0,0,0,0,0,0,0,0,0,0,0,0,0,0,0,0,0,0,0,0,10,10,10,10,10,10,10,10,10,10,10,10,10,10,10,10,10,10,10,10,0,0,0,0,0,0,0,0,0,0,0,0,0,0,0,0,0,0,0,0
38.872739,49.008541,49.008541,49.008541,49.008541,49.008541,49.008541,49.008541,49.008541,49.008541,49.008541,49.008541,49.008541,49.008541,49.008541,49.008541,49.008541,49.008541,49.008541,49.008541,61.29703,56.9089,56.9089,56.9089,56.9089,56.9089,56.9089,56.9089,56.9089,56.9089,56.9089,56.9089,56.9089,56.9089,56.9089,56.9089,56.9089,56.9089,56.9089,56.9089,0,0,0,0,0,0,0,0,0,0,0,0,0,0,0,0,0,0,0,0,10,10,10,10,10,10,10,10,10,10,10,10,10,10,10,10,10,10,10,10,0,0,0,0,0,0,0,0,0,0,0,0,0,0,0,0,0,0,0,0
86.169372,87.543499,94.729782,96.582561,96.582561,96.582561,96.582561,96.582561,96.582561,96.582561,96.582561,96.582561,96.582561,96.582561,96.582561,96.582561,96.582561,96.582561,96.582561,96.582561,38.664595,45.2939,44.9285,46.260155,46.260155,46.260155,46.260155,46.260155,46.260155,46.260155,46.260155,46.260155,46.260155,46.260155,46.260155,46.260155,46.260155,46.260155,46.260155,46.260155,0,0,0,0,0,0,0,0,0,0,0,0,0,0,0,0,0,0,0,0,10,10,10,10,10,10,10,10,10,10,10,10,10,10,10,10,10,10,10,10,0,0,0,0,0,0,0,0,0,0,0,0,0,0,0,0,0,0,0,0
127.0,118.342813,118.342813,118.342813,118.342813,118.342813,118.342813,118.342813,118.342813,118.342813,118.342813,118.342813,118.342813,118.342813,118.342813,118.342813,118.342813,118.342813,118.342813,118.342813,69.0,74.181004,74.181004,74.181004,74.181004,74.181004,74.181004,74.181004,74.181004,74.181004,74.181004,74.181004,74.181004,74.181004,74.181004,74.181004,74.181004,74.181004,74.181004,74.181004,0,0,0,0,0,0,0,0,0,0,0,0,0,0,0,0,0,0,0,0,10,10,10,10,10,10,10,10,10,10,10,10,10,10,10,10,10,10,10,10,0,0,0,0,0,0,0,0,0,0,0,0,0,0,0,0,0,0,0,0
92.994634,87.925063,87.925063,87.925063,87.925063,87.925063,87.925063,87.925063,87.925063,87.925063,87.925063,87.925063,87.925063,87.925063,87.925063,87.925063,87.925063,87.925063,87.925063,87.925063,104.738054,108.93045,108.93045,108.93045,108.93045,108.93045,108.93045,108.93045,108.93045,108.93045,108.93045,108.93045,108.93045,108.93045,108.93045,108.93045,108.93045,108.93045,108.93045,108.93045,0,0,0,0,0,0,0,0,0,0,0,0,0,0,0,0,0,0,0,0,10,10,10,10,10,10,10,10,10,10,10,10,10,10,10,10,10,10,10,10,0,0,0,0,0,0,0,0,0,0,0,0,0,0,0,0,0,0,0,0
127.0,114.453338,114.453338,114.453338,114.453338,114.453338,114.453338,114.453338,114.453338,114.453338,114.453338,114.453338,114.453338,114.453338,114.453338,114.453338,114.453338,114.453338,114.453338,114.453338,21.0,23.955184,23.955184,23.955184,23.955184,23.955184,23.955184,23.955184,23.955184,23.955184,23.955184,23.955184,23.955184,23.955184,23.955184,23.955184,23.955184,23.955184,23.955184,23.955184,0,0,0,0,0,0,0,0,0,0,0,0,0,0,0,0,0,0,0,0,10,10,10,10,10,10,10,10,10,10,10,10,10,10,10,10,10,10,10,10,0,0,0,0,0,0,0,0,0,0,0,0,0,0,0,0,0,0,0,0
127.0,118.584478,116.004844,116.004844,116.004844,116.004844,116.004844,116.004844,116.004844,116.004844,116.004844,116.004844,116.004844,116.004844,116.004844,116.004844,116.004844,116.004844,116.004844,116.004844,121.0,113.161704,112.749152,112.749152,112.749152,112.749152,112.749152,112.749152,112.749152,112.749152,112.749152,112.749152,112.749152,112.749152,112.749152,112.749152,112.749152,112.749152,112.749152,112.749152,0,0,0,0,0,0,0,0,0,0,0,0,0,0,0,0,0,0,0,0,10,10,10,10,10,10,10,10,10,10,10,10,10,10,10,10,10,10,10,10,0,0,0,0,0,0,0,0,0,0,0,0,0,0,0,0,0,0,0,0
25.058125,30.005143,27.973866,25.086412,31.36941,31.002736,21.13542,16.150244,21.985228,24.940135,29.739044,32.201203,32.201203,32.201203,32.201203,32.201203,32.201203,32.201203,32.201203,32.201203,67.056142,80.986665,94.399776,94.921034,87.496038,82.130512,82.931007,75.279719,81.874358,89.711156,78.481814,71.518209,71.518209,71.518209,71.518209,71.518209,71.518209,71.518209,71.518209,71.518209,0,0,0,0,0,0,0,0,0,0,0,0,0,0,0,0,0,0,0,0,10,10,10,10,10,10,10,10,10,10,10,10,10,10,10,10,10,10,10,10,0,0,0,0,0,0,0,0,0,0,0,0,0,0,0,0,0,0,0,0
4.839877,0.0,6.974624,5.788754,0.0,0.0,0.0,0.0,0.0,0.0,0.0,0.0,0.0,0.0,0.0,0.0,0.0,0.0,0.0,0.0,26.817007,27.0,15.789958,2.805225,7.0,7.0,7.0,7.0,7.0,7.0,7.0,7.0,7.0,7.0,7.0,7.0,7.0,7.0,7.0,7.0,0,0,0,0,0,0,0,0,0,0,0,0,0,0,0,0,0,0,0,0,10,10,10,10,10,10,10,10,10,10,10,10,10,10,10,10,10,10,10,10,0,0,0,0,0,0,0,0,0,0,0,0,0,0,0,0,0,0,0,0
31.643461,23.975749,29.10931,32.84143,30.116217,24.813012,36.024154,31.225462,26.315601,28.156439,27.549127,21.075208,10.015544,14.588703,12.152949,6.781632,18.971635,8.038068,14.203672,14.203672,107.029868,101.373164,104.891581,104.169905,114.739223,114.407787,111.990466,118.134473,115.43676,108.96414,115.285804,120.962373,116.025663,106.789588,95.158286,98.067656,106.769138,115.215755,105.16821,105.16821,0,0,0,0,0,0,0,0,0,0,0,0,0,0,0,0,0,0,0,0,10,10,10,10,10,10,10,10,10,10,10,10,10,10,10,10,10,10,10,10,0,0,0,0,0,0,0,0,0,0,0,0,0,0,0,0,0,0,0,0
127.0,125.046242,127.0,107.354921,100.407469,90.805071,90.805071,90.805071,90.805071,90.805071,90.805071,90.805071,90.805071,90.805071,90.805071,90.805071,90.805071,90.805071,90.805071,90.805071,104.0,105.158869,100.0,91.104968,88.034614,92.974194,92.974194,92.974194,92.974194,92.974194,92.974194,92.974194,92.974194,92.974194,92.974194,92.974194,92.974194,92.974194,92.974194,92.974194,0,0,0,0,0,0,0,0,0,0,0,0,0,0,0,0,0,0,0,0,10,10,10,10,10,10,10,10,10,10,10,10,10,10,10,10,10,10,10,10,0,0,0,0,0,0,0,0,0,0,0,0,0,0,0,0,0,0,0,0
0.0,13.18652,5.205937,15.37765,15.37765,15.37765,15.37765,15.37765,15.37765,15.37765,15.37765,15.37765,15.37765,15.37765,15.37765,15.37765,15.37765,15.37765,15.37765,15.37765,110.0,108.635062,103.825431,104.95669,104.95669,104.95669,104.95669,104.95669,104.95669,104.95669,104.95669,104.95669,104.95669,104.95669,104.95669,104.95669,104.95669,104.95669,104.95669,104.95669,0,0,0,0,0,0,0,0,0,0,0,0,0,0,0,0,0,0,0,0,10,10,10,10,10,10,10,10,10,10,10,10,10,10,10,10,10,10,10,10,0,0,0,0,0,0,0,0,0,0,0,0,0,0,0,0,0,0,0,0
70.941611,84.703447,95.337496,100.0,106.37359,106.277306,106.125668,106.028437,107.0,106.339718,106.0,105.960483,95.114118,106.0,105.743302,106.0,106.0,106.087703,105.854483,106.0,116.0,100.0,106.0935,106.068411,106.0,106.0,101.938594,106.0,106.020253,106.0,106.0,106.0,106.0,106.0,106.0,106.0,105.645708,96.090211,97.148564,99.064776,106.0,111.222337,106.0,106.0,106.0,99.164819,101.880099,106.0,106.0,106.0,107.0,106.0,107.0,106.0,106.0,106.0,106.0,106.0,106.0,106.0,106.0,106.0,106.0,106.0,106.0,97.834483,96.272451,105.321641,106.0,106.0,106.0,106.0,106.0,106.0,106.0,106.0,116.0,106.0,106.0,106.0,106.0,106.0,106.0,106.0,107.0,106.0,106.0,106.0,106.0,96.0,106.0,106.0,106.0,107.0,107.0,107.0,107.0,106.0,106.0,117.639266,107.0,107.0,106.0,108.960393,106.0,122.059663,121.036054,106.0,106.0,77.798743,105.892083,76.87798,106.961587,110.457027,115.596136,114.130798,120.227241,127.0,125.371408,125.276905,126.043191,126.403608,127.0,126.355118,127.0,126.239889,124.184789,127.0,126.496168,127.0,127.0,126.261729,126.447377,127.0,127.0,127.0,126.073755,126.44856,127.0,127.0,123.297449,127.0,126.310106,127.0,127.0,127.0,127.0,127.0,127.0,127.0,118.477403,113.248712,114.955197,108.056692,127.0,107.201049,127.0,127.0,127.0,123.760825,117.043536,127.0,127.0,127.0,127.0,127.0,127.0,127.0,127.0,127.0,127.0,127.0,127.0,127.0,127.0,127.0,127.0,127.0,127.0,120.911887,124.363822,118.570707,127.0,127.0,127.0,127.0,127.0,127.0,127.0,127.0,127.0,127.0,127.0,127.0,127.0,127.0,127.0,127.0,127.0,127.0,127.0,127.0,127.0,127.0,127.0,127.0,127.0,127.0,127.0,127.0,127.0,127.0,127.0,120.710447,127.0,127.0,127.0,120.873226,127.0,117.972897,119.78509,127.0,127.0,121.143916,105.155962,112.911717,117.413661,124.04577,0,0,0,0,0,0,0,0,0,0,0,0,0,0,0,0,0,0,0,0,0,0,0,0,0,0,0,0,0,0,0,0,0,0,0,0,0,0,0,0,0,0,0,0,0,0,0,0,0,0,0,0,0,0,0,0,0,0,0,0,0,0,0,0,0,0,0,0,0,0,0,0,0,0,0,0,0,0,0,0,0,0,0,0,0,0,0,0,0,0,0,0,0,0,0,0,0,0,0,0,0,0,0,0,0,0,0,0,0,0,0,0,0,0,10,10,10,10,10,10,10,10,10,10,10,10,10,10,10,10,10,10,10,10,10,10,10,10,10,10,10,10,10,10,10,10,10,10,10,10,10,10,10,10,10,10,10,10,10,10,10,10,10,10,10,10,10,10,10,10,10,10,10,10,10,10,10,10,10,10,10,10,10,10,10,10,10,10,10,10,10,10,10,10,10,10,10,10,10,10,10,10,10,10,10,10,10,10,10,10,10,10,10,10,10,10,10,10,10,10,10,10,10,10,10,10,10,10,0,0,0,0,0,0,0,0,0,0,0,0,0,0,0,0,0,0,0,0,0,0,0,0,0,0,0,0,0,0,0,0,0,0,0,0,0,0,0,0,0,0,0,0,0,0,0,0,0,0,0,0,0,0,0,0,0,0,0,0,0,0,0,0,0,0,0,0,0,0,0,0,0,0,0,0,0,0,0,0,0,0,0,0,0,0,0,0,0,0,0,0,0,0,0,0,0,0,0,0,0,0,0,0,0,0,0,0,0,0,0,0,0,0
50.91189,47.073982,47.353216,45.277845,54.599149,57.877706,56.584492,47.01593,44.991748,51.059868,51.059868,51.059868,51.059868,51.059868,51.059868,51.059868,51.059868,51.059868,51.059868,51.059868,10.842936,2.185814,13.796109,20.903629,30.16163,25.74314,32.011163,30.670704,18.811637,18.07971,18.07971,18.07971,18.07971,18.07971,18.07971,18.07971,18.07971,18.07971,18.07971,18.07971,0,0,0,0,0,0,0,0,0,0,0,0,0,0,0,0,0,0,0,0,10,10,10,10,10,10,10,10,10,10,10,10,10,10,10,10,10,10,10,10,0,0,0,0,0,0,0,0,0,0,0,0,0,0,0,0,0,0,0,0
75.8568,77.725681,86.261429,96.237853,90.449224,102.946721,102.946721,102.946721,102.946721,102.946721,102.946721,102.946721,102.946721,102.946721,102.946721,102.946721,102.946721,102.946721,102.946721,102.946721,94.429377,87.568514,79.504592,72.166881,83.69808,81.309827,81.309827,81.309827,81.309827,81.309827,81.309827,81.309827,81.309827,81.309827,81.309827,81.309827,81.309827,81.309827,81.309827,81.309827,0,0,0,0,0,0,0,0,0,0,0,0,0,0,0,0,0,0,0,0,10,10,10,10,10,10,10,10,10,10,10,10,10,10,10,10,10,10,10,10,0,0,0,0,0,0,0,0,0,0,0,0,0,0,0,0,0,0,0,0
47.339264,38.236296,30.836361,25.993458,36.919705,46.918657,46.918657,46.918657,46.918657,46.918657,46.918657,46.918657,46.918657,46.918657,46.918657,46.918657,46.918657,46.918657,46.918657,46.918657,18.753539,7.275334,10.330243,15.288445,10.067868,15.867172,15.867172,15.867172,15.867172,15.867172,15.867172,15.867172,15.867172,15.867172,15.867172,15.867172,15.867172,15.867172,15.867172,15.867172,0,0,0,0,0,0,0,0,0,0,0,0,0,0,0,0,0,0,0,0,10,10,10,10,10,10,10,10,10,10,10,10,10,10,10,10,10,10,10,10,0,0,0,0,0,0,0,0,0,0,0,0,0,0,0,0,0,0,0,0
60.705381,48.871537,41.95939,53.274985,51.49048,50.163127,66.083988,66.083988,66.083988,66.083988,66.083988,66.083988,66.083988,66.083988,66.083988,66.083988,66.083988,66.083988,66.083988,66.083988,41.093023,47.059072,57.042888,57.284418,60.329598,62.005777,53.084749,53.084749,53.084749,53.084749,53.084749,53.084749,53.084749,53.084749,53.084749,53.084749,53.084749,53.084749,53.084749,53.084749,0,0,0,0,0,0,0,0,0,0,0,0,0,0,0,0,0,0,0,0,10,10,10,10,10,10,10,10,10,10,10,10,10,10,10,10,10,10,10,10,0,0,0,0,0,0,0,0,0,0,0,0,0,0,0,0,0,0,0,0
17.811624,15.701188,22.037874,26.86536,30.69807,30.69807,30.69807,30.69807,30.69807,30.69807,30.69807,30.69807,30.69807,30.69807,30.69807,30.69807,30.69807,30.69807,30.69807,30.69807,41.206272,36.506173,42.280792,39.439386,36.85393,36.85393,36.85393,36.85393,36.85393,36.85393,36.85393,36.85393,36.85393,36.85393,36.85393,36.85393,36.85393,36.85393,36.85393,36.85393,0,0,0,0,0,0,0,0,0,0,0,0,0,0,0,0,0,0,0,0,10,10,10,10,10,10,10,10,10,10,10,10,10,10,10,10,10,10,10,10,0,0,0,0,0,0,0,0,0,0,0,0,0,0,0,0,0,0,0,0
18.996446,27.088305,39.578995,44.783367,43.230196,45.872121,52.594069,52.594069,52.594069,52.594069,52.594069,52.594069,52.594069,52.594069,52.594069,52.594069,52.594069,52.594069,52.594069,52.594069,112.906591,120.285006,116.976884,108.485302,105.227414,112.915632,114.960174,114.960174,114.960174,114.960174,114.960174,114.960174,114.960174,114.960174,114.960174,114.960174,114.960174,114.960174,114.960174,114.960174,0,0,0,0,0,0,0,0,0,0,0,0,0,0,0,0,0,0,0,0,10,10,10,10,10,10,10,10,10,10,10,10,10,10,10,10,10,10,10,10,0,0,0,0,0,0,0,0,0,0,0,0,0,0,0,0,0,0,0,0
61.945436,63.942308,63.026452,65.508677,65.981734,54.579946,67.840226,69.337404,69.337404,69.337404,69.337404,69.337404,69.337404,69.337404,69.337404,69.337404,69.337404,69.337404,69.337404,69.337404,101.533119,96.931465,106.734758,116.889679,108.121547,101.220343,94.498873,89.825578,89.825578,89.825578,89.825578,89.825578,89.825578,89.825578,89.825578,89.825578,89.825578,89.825578,89.825578,89.825578,0,0,0,0,0,0,0,0,0,0,0,0,0,0,0,0,0,0,0,0,10,10,10,10,10,10,10,10,10,10,10,10,10,10,10,10,10,10,10,10,0,0,0,0,0,0,0,0,0,0,0,0,0,0,0,0,0,0,0,0
82.163843,87.941921,91.63334,94.09261,87.055914,85.66132,89.134976,84.953583,82.884625,71.090981,69.911593,78.781463,76.296337,84.468527,84.468527,84.468527,84.468527,84.468527,84.468527,84.468527,58.19947,52.483132,54.203591,38.151478,31.919673,33.877742,32.687925,34.171733,28.365452,28.180693,42.180918,38.468054,29.562866,38.13046,38.13046,38.13046,38.13046,38.13046,38.13046,38.13046,0,0,0,0,0,0,0,0,0,0,0,0,0,0,0,0,0,0,0,0,10,10,10,10,10,10,10,10,10,10,10,10,10,10,10,10,10,10,10,10,0,0,0,0,0,0,0,0,0,0,0,0,0,0,0,0,0,0,0,0
57.071843,57.380423,57.380423,57.380423,57.380423,57.380423,57.380423,57.380423,57.380423,57.380423,57.380423,57.380423,57.380423,57.380423,57.380423,57.380423,57.380423,57.380423,57.380423,57.380423,33.87295,34.599105,34.599105,34.599105,34.599105,34.599105,34.599105,34.599105,34.599105,34.599105,34.599105,34.599105,34.599105,34.599105,34.599105,34.599105,34.599105,34.599105,34.599105,34.599105,0,0,0,0,0,0,0,0,0,0,0,0,0,0,0,0,0,0,0,0,10,10,10,10,10,10,10,10,10,10,10,10,10,10,10,10,10,10,10,10,0,0,0,0,0,0,0,0,0,0,0,0,0,0,0,0,0,0,0,0
127.0,123.0,113.600142,116.0,116.0,116.0,116.0,116.0,116.0,116.0,116.0,116.0,116.0,116.0,116.0,116.0,116.0,116.0,116.0,116.0,0.0,0.0,8.893577,0.0,0.0,0.0,0.0,0.0,0.0,0.0,0.0,0.0,0.0,0.0,0.0,0.0,0.0,0.0,0.0,0.0,0,0,0,0,0,0,0,0,0,0,0,0,0,0,0,0,0,0,0,0,10,10,10,10,10,10,10,10,10,10,10,10,10,10,10,10,10,10,10,10,0,0,0,0,0,0,0,0,0,0,0,0,0,0,0,0,0,0,0,0
35.557283,43.021001,37.315367,37.315367,37.315367,37.315367,37.315367,37.315367,37.315367,37.315367,37.315367,37.315367,37.315367,37.315367,37.315367,37.315367,37.315367,37.315367,37.315367,37.315367,43.96463,42.587473,44.617527,44.617527,44.617527,44.617527,44.617527,44.617527,44.617527,44.617527,44.617527,44.617527,44.617527,44.617527,44.617527,44.617527,44.617527,44.617527,44.617527,44.617527,0,0,0,0,0,0,0,0,0,0,0,0,0,0,0,0,0,0,0,0,10,10,10,10,10,10,10,10,10,10,10,10,10,10,10,10,10,10,10,10,0,0,0,0,0,0,0,0,0,0,0,0,0,0,0,0,0,0,0,0
0.0,6.081266,6.081266,6.081266,6.081266,6.081266,6.081266,6.081266,6.081266,6.081266,6.081266,6.081266,6.081266,6.081266,6.081266,6.081266,6.081266,6.081266,6.081266,6.081266,100.0,109.203698,109.203698,109.203698,109.203698,109.203698,109.203698,109.203698,109.203698,109.203698,109.203698,109.203698,109.203698,109.203698,109.203698,109.203698,109.203698,109.203698,109.203698,109.203698,0,0,0,0,0,0,0,0,0,0,0,0,0,0,0,0,0,0,0,0,10,10,10,10,10,10,10,10,10,10,10,10,10,10,10,10,10,10,10,10,0,0,0,0,0,0,0,0,0,0,0,0,0,0,0,0,0,0,0,0
0.0,0.0,3.256529,0.0,0.0,4.93925,9.092245,8.098914,9.150689,9.150689,9.150689,9.150689,9.150689,9.150689,9.150689,9.150689,9.150689,9.150689,9.150689,9.150689,66.0,56.0,64.631382,59.0,67.0,66.82322,59.141669,64.027542,60.338664,60.338664,60.338664,60.338664,60.338664,60.338664,60.338664,60.338664,60.338664,60.338664,60.338664,60.338664,0,0,0,0,0,0,0,0,0,0,0,0,0,0,0,0,0,0,0,0,10,10,10,10,10,10,10,10,10,10,10,10,10,10,10,10,10,10,10,10,0,0,0,0,0,0,0,0,0,0,0,0,0,0,0,0,0,0,0,0
8.576196,19.597914,31.583026,29.158722,24.372098,26.211948,26.211948,26.211948,26.211948,26.211948,26.211948,26.211948,26.211948,26.211948,26.211948,26.211948,26.211948,26.211948,26.211948,26.211948,75.170827,66.824011,61.939888,62.104802,56.210115,56.431343,56.431343,56.431343,56.431343,56.431343,56.431343,56.431343,56.431343,56.431343,56.431343,56.431343,56.431343,56.431343,56.431343,56.431343,0,0,0,0,0,0,0,0,0,0,0,0,0,0,0,0,0,0,0,0,10,10,10,10,10,10,10,10,10,10,10,10,10,10,10,10,10,10,10,10,0,0,0,0,0,0,0,0,0,0,0,0,0,0,0,0,0,0,0,0
54.791531,48.0,37.0,47.0,41.599315,34.573577,34.573577,34.573577,34.573577,34.573577,34.573577,34.573577,34.573577,34.573577,34.573577,34.573577,34.573577,34.573577,34.573577,34.573577,120.576283,127.0,127.0,127.0,117.77437,119.63019,119.63019,119.63019,119.63019,119.63019,119.63019,119.63019,119.63019,119.63019,119.63019,119.63019,119.63019,119.63019,119.63019,119.63019,0,0,0,0,0,0,0,0,0,0,0,0,0,0,0,0,0,0,0,0,10,10,10,10,10,10,10,10,10,10,10,10,10,10,10,10,10,10,10,10,0,0,0,0,0,0,0,0,0,0,0,0,0,0,0,0,0,0,0,0
37.864945,40.878985,46.575522,46.575522,46.575522,46.575522,46.575522,46.575522,46.575522,46.575522,46.575522,46.575522,46.575522,46.575522,46.575522,46.575522,46.575522,46.575522,46.575522,46.575522,78.686412,72.534406,72.214686,72.214686,72.214686,72.214686,72.214686,72.214686,72.214686,72.214686,72.214686,72.214686,72.214686,72.214686,72.214686,72.214686,72.214686,72.214686,72.214686,72.214686,0,0,0,0,0,0,0,0,0,0,0,0,0,0,0,0,0,0,0,0,10,10,10,10,10,10,10,10,10,10,10,10,10,10,10,10,10,10,10,10,0,0,0,0,0,0,0,0,0,0,0,0,0,0,0,0,0,0,0,0
87.0,84.976912,77.736681,82.9453,77.970247,70.072279,81.421348,81.421348,81.421348,81.421348,81.421348,81.421348,81.421348,81.421348,81.421348,81.421348,81.421348,81.421348,81.421348,81.421348,127.0,114.96754,121.020844,115.068775,122.027116,123.988967,123.537078,123.537078,123.537078,123.537078,123.537078,123.537078,123.537078,123.537078,123.537078,123.537078,123.537078,123.537078,123.537078,123.537078,0,0,0,0,0,0,0,0,0,0,0,0,0,0,0,0,0,0,0,0,10,10,10,10,10,10,10,10,10,10,10,10,10,10,10,10,10,10,10,10,0,0,0,0,0,0,0,0,0,0,0,0,0,0,0,0,0,0,0,0
10.167244,8.838094,15.785848,24.183407,32.034884,40.099581,33.123375,33.123375,33.123375,33.123375,33.123375,33.123375,33.123375,33.123375,33.123375,33.123375,33.123375,33.123375,33.123375,33.123375,61.02249,65.745605,68.952946,73.271624,67.17308,57.204725,69.205928,69.205928,69.205928,69.205928,69.205928,69.205928,69.205928,69.205928,69.205928,69.205928,69.205928,69.205928,69.205928,69.205928,0,0,0,0,0,0,0,0,0,0,0,0,0,0,0,0,0,0,0,0,10,10,10,10,10,10,10,10,10,10,10,10,10,10,10,10,10,10,10,10,0,0,0,0,0,0,0,0,0,0,0,0,0,0,0,0,0,0,0,0
77.821267,68.823459,67.997382,74.87084,74.87084,74.87084,74.87084,74.87084,74.87084,74.87084,74.87084,74.87084,74.87084,74.87084,74.87084,74.87084,74.87084,74.87084,74.87084,74.87084,2.969332,3.86624,12.069978,11.094498,11.094498,11.094498,11.094498,11.094498,11.094498,11.094498,11.094498,11.094498,11.094498,11.094498,11.094498,11.094498,11.094498,11.094498,11.094498,11.094498,0,0,0,0,0,0,0,0,0,0,0,0,0,0,0,0,0,0,0,0,10,10,10,10,10,10,10,10,10,10,10,10,10,10,10,10,10,10,10,10,0,0,0,0,0,0,0,0,0,0,0,0,0,0,0,0,0,0,0,0
123.0,121.786987,121.786987,121.786987,121.786987,121.786987,121.786987,121.786987,121.786987,121.786987,121.786987,121.786987,121.786987,121.786987,121.786987,121.786987,121.786987,121.786987,121.786987,121.786987,127.0,119.016508,119.016508,119.016508,119.016508,119.016508,119.016508,119.016508,119.016508,119.016508,119.016508,119.016508,119.016508,119.016508,119.016508,119.016508,119.016508,119.016508,119.016508,119.016508,0,0,0,0,0,0,0,0,0,0,0,0,0,0,0,0,0,0,0,0,10,10,10,10,10,10,10,10,10,10,10,10,10,10,10,10,10,10,10,10,0,0,0,0,0,0,0,0,0,0,0,0,0,0,0,0,0,0,0,0
82.0,80.070167,91.096061,98.09262,98.09262,98.09262,98.09262,98.09262,98.09262,98.09262,98.09262,98.09262,98.09262,98.09262,98.09262,98.09262,98.09262,98.09262,98.09262,98.09262,0.0,3.089675,8.856661,12.763558,12.763558,12.763558,12.763558,12.763558,12.763558,12.763558,12.763558,12.763558,12.763558,12.763558,12.763558,12.763558,12.763558,12.763558,12.763558,12.763558,0,0,0,0,0,0,0,0,0,0,0,0,0,0,0,0,0,0,0,0,10,10,10,10,10,10,10,10,10,10,10,10,10,10,10,10,10,10,10,10,0,0,0,0,0,0,0,0,0,0,0,0,0,0,0,0,0,0,0,0
3.243158,5.921486,8.475608,7.120268,12.973577,5.213699,6.983494,0.0,9.974077,11.704399,18.594719,18.594719,18.594719,18.594719,18.594719,18.594719,18.594719,18.594719,18.594719,18.594719,92.711837,97.948384,88.876189,92.667586,102.747326,76.145969,83.194936,79.0,97.193357,86.118629,77.908583,77.908583,77.908583,77.908583,77.908583,77.908583,77.908583,77.908583,77.908583,77.908583,0,0,0,0,0,0,0,0,0,0,0,0,0,0,0,0,0,0,0,0,10,10,10,10,10,10,10,10,10,10,10,10,10,10,10,10,10,10,10,10,0,0,0,0,0,0,0,0,0,0,0,0,0,0,0,0,0,0,0,0
59.109227,61.771447,68.143401,63.867357,46.967876,48.928828,44.194821,44.194821,44.194821,44.194821,44.194821,44.194821,44.194821,44.194821,44.194821,44.194821,44.194821,44.194821,44.194821,44.194821,37.239542,48.08725,47.225168,49.980986,46.041624,46.42819,50.919357,50.919357,50.919357,50.919357,50.919357,50.919357,50.919357,50.919357,50.919357,50.919357,50.919357,50.919357,50.919357,50.919357,0,0,0,0,0,0,0,0,0,0,0,0,0,0,0,0,0,0,0,0,10,10,10,10,10,10,10,10,10,10,10,10,10,10,10,10,10,10,10,10,0,0,0,0,0,0,0,0,0,0,0,0,0,0,0,0,0,0,0,0
70.652352,59.594151,69.434991,75.049491,72.044289,69.129796,58.000629,53.539908,66.005242,54.861273,62.89907,55.928228,60.188285,61.067616,64.042868,65.051173,50.513886,50.513886,50.513886,50.513886,25.855783,23.037848,19.301663,25.129026,16.259786,23.137442,27.202982,38.108574,38.896226,45.468834,46.933154,56.257561,58.745901,61.060744,62.168454,67.883841,70.782886,70.782886,70.782886,70.782886,0,0,0,0,0,0,0,0,0,0,0,0,0,0,0,0,0,0,0,0,10,10,10,10,10,10,10,10,10,10,10,10,10,10,10,10,10,10,10,10,0,0,0,0,0,0,0,0,0,0,0,0,0,0,0,0,0,0,0,0
10.768652,8.746529,8.746529,8.746529,8.746529,8.746529,8.746529,8.746529,8.746529,8.746529,8.746529,8.746529,8.746529,8.746529,8.746529,8.746529,8.746529,8.746529,8.746529,8.746529,17.346803,23.307971,23.307971,23.307971,23.307971,23.307971,23.307971,23.307971,23.307971,23.307971,23.307971,23.307971,23.307971,23.307971,23.307971,23.307971,23.307971,23.307971,23.307971,23.307971,0,0,0,0,0,0,0,0,0,0,0,0,0,0,0,0,0,0,0,0,10,10,10,10,10,10,10,10,10,10,10,10,10,10,10,10,10,10,10,10,0,0,0,0,0,0,0,0,0,0,0,0,0,0,0,0,0,0,0,0
127.0,124.218582,124.320836,124.320836,124.320836,124.320836,124.320836,124.320836,124.320836,124.320836,124.320836,124.320836,124.320836,124.320836,124.320836,124.320836,124.320836,124.320836,124.320836,124.320836,35.0,31.026252,41.219937,41.219937,41.219937,41.219937,41.219937,41.219937,41.219937,41.219937,41.219937,41.219937,41.219937,41.219937,41.219937,41.219937,41.219937,41.219937,41.219937,41.219937,0,0,0,0,0,0,0,0,0,0,0,0,0,0,0,0,0,0,0,0,10,10,10,10,10,10,10,10,10,10,10,10,10,10,10,10,10,10,10,10,0,0,0,0,0,0,0,0,0,0,0,0,0,0,0,0,0,0,0,0
13.690167,2.742371,4.281595,0.0,0.0,7.930272,9.923335,7.687896,0.0,0.0,0.0,0.0,0.0,0.0,0.0,0.0,0.0,0.0,0.0,0.0,26.011514,32.834523,44.240918,42.0,39.0,38.257436,37.004113,29.098151,30.0,30.0,30.0,30.0,30.0,30.0,30.0,30.0,30.0,30.0,30.0,30.0,0,0,0,0,0,0,0,0,0,0,0,0,0,0,0,0,0,0,0,0,10,10,10,10,10,10,10,10,10,10,10,10,10,10,10,10,10,10,10,10,0,0,0,0,0,0,0,0,0,0,0,0,0,0,0,0,0,0,0,0
127.0,123.412135,112.285471,112.086933,112.086933,112.086933,112.086933,112.086933,112.086933,112.086933,112.086933,112.086933,112.086933,112.086933,112.086933,112.086933,112.086933,112.086933,112.086933,112.086933,75.0,80.406012,85.313236,92.542395,92.542395,92.542395,92.542395,92.542395,92.542395,92.542395,92.542395,92.542395,92.542395,92.542395,92.542395,92.542395,92.542395,92.542395,92.542395,92.542395,0,0,0,0,0,0,0,0,0,0,0,0,0,0,0,0,0,0,0,0,10,10,10,10,10,10,10,10,10,10,10,10,10,10,10,10,10,10,10,10,0,0,0,0,0,0,0,0,0,0,0,0,0,0,0,0,0,0,0,0
57.754762,57.989655,63.902933,72.0,78.798228,84.872712,75.797013,69.809576,75.445611,75.445611,75.445611,75.445611,75.445611,75.445611,75.445611,75.445611,75.445611,75.445611,75.445611,75.445611,11.909694,14.371334,6.085005,0.0,12.084692,17.393418,15.198179,15.068431,19.035817,19.035817,19.035817,19.035817,19.035817,19.035817,19.035817,19.035817,19.035817,19.035817,19.035817,19.035817,0,0,0,0,0,0,0,0,0,0,0,0,0,0,0,0,0,0,0,0,10,10,10,10,10,10,10,10,10,10,10,10,10,10,10,10,10,10,10,10,0,0,0,0,0,0,0,0,0,0,0,0,0,0,0,0,0,0,0,0
19.746271,18.111509,17.0,17.0,17.0,17.0,17.0,17.0,17.0,17.0,17.0,17.0,17.0,17.0,17.0,17.0,17.0,17.0,17.0,17.0,4.019509,2.850697,0.0,0.0,0.0,0.0,0.0,0.0,0.0,0.0,0.0,0.0,0.0,0.0,0.0,0.0,0.0,0.0,0.0,0.0,0,0,0,0,0,0,0,0,0,0,0,0,0,0,0,0,0,0,0,0,10,10,10,10,10,10,10,10,10,10,10,10,10,10,10,10,10,10,10,10,0,0,0,0,0,0,0,0,0,0,0,0,0,0,0,0,0,0,0,0
15.090024,14.553096,17.29543,24.788671,18.091187,16.279103,10.747422,11.863268,11.661053,5.141636,12.214402,18.835082,19.0651,13.984661,18.656698,28.716996,23.162889,32.088318,32.088318,32.088318,55.243783,55.163565,59.658949,72.170727,72.126893,65.077164,74.77189,79.866204,80.835743,80.131482,77.261394,77.742062,59.556903,90.02583,95.151898,99.900017,89.150947,77.812821,77.812821,77.812821,0,0,0,0,0,0,0,0,0,0,0,0,0,0,0,0,0,0,0,0,10,10,10,10,10,10,10,10,10,10,10,10,10,10,10,10,10,10,10,10,0,0,0,0,0,0,0,0,0,0,0,0,0,0,0,0,0,0,0,0
40.661629,40.404517,47.893705,38.601028,41.145971,48.360153,48.715694,48.715694,48.715694,48.715694,48.715694,48.715694,48.715694,48.715694,48.715694,48.715694,48.715694,48.715694,48.715694,48.715694,30.770768,35.247301,40.603141,41.982544,28.795223,23.327804,24.936856,24.936856,24.936856,24.936856,24.936856,24.936856,24.936856,24.936856,24.936856,24.936856,24.936856,24.936856,24.936856,24.936856,0,0,0,0,0,0,0,0,0,0,0,0,0,0,0,0,0,0,0,0,10,10,10,10,10,10,10,10,10,10,10,10,10,10,10,10,10,10,10,10,0,0,0,0,0,0,0,0,0,0,0,0,0,0,0,0,0,0,0,0
32.851559,38.0,32.0,36.708075,40.0,40.0,40.0,40.0,40.0,40.0,40.0,40.0,40.0,40.0,40.0,40.0,40.0,40.0,40.0,40.0,2.436821,0.0,0.0,2.094927,0.0,0.0,0.0,0.0,0.0,0.0,0.0,0.0,0.0,0.0,0.0,0.0,0.0,0.0,0.0,0.0,0,0,0,0,0,0,0,0,0,0,0,0,0,0,0,0,0,0,0,0,10,10,10,10,10,10,10,10,10,10,10,10,10,10,10,10,10,10,10,10,0,0,0,0,0,0,0,0,0,0,0,0,0,0,0,0,0,0,0,0
26.810723,26.156983,23.976992,27.168728,29.963363,30.916609,24.206939,29.032838,29.032838,29.032838,29.032838,29.032838,29.032838,29.032838,29.032838,29.032838,29.032838,29.032838,29.032838,29.032838,100.468334,93.958962,101.784259,94.930603,108.106517,121.061363,111.671571,109.835465,109.835465,109.835465,109.835465,109.835465,109.835465,109.835465,109.835465,109.835465,109.835465,109.835465,109.835465,109.835465,0,0,0,0,0,0,0,0,0,0,0,0,0,0,0,0,0,0,0,0,10,10,10,10,10,10,10,10,10,10,10,10,10,10,10,10,10,10,10,10,0,0,0,0,0,0,0,0,0,0,0,0,0,0,0,0,0,0,0,0
110.890498,119.993927,119.993927,119.993927,119.993927,119.993927,119.993927,119.993927,119.993927,119.993927,119.993927,119.993927,119.993927,119.993927,119.993927,119.993927,119.993927,119.993927,119.993927,119.993927,23.013895,23.754288,23.754288,23.754288,23.754288,23.754288,23.754288,23.754288,23.754288,23.754288,23.754288,23.754288,23.754288,23.754288,23.754288,23.754288,23.754288,23.754288,23.754288,23.754288,0,0,0,0,0,0,0,0,0,0,0,0,0,0,0,0,0,0,0,0,10,10,10,10,10,10,10,10,10,10,10,10,10,10,10,10,10,10,10,10,0,0,0,0,0,0,0,0,0,0,0,0,0,0,0,0,0,0,0,0
14.827278,18.217385,18.217385,18.217385,18.217385,18.217385,18.217385,18.217385,18.217385,18.217385,18.217385,18.217385,18.217385,18.217385,18.217385,18.217385,18.217385,18.217385,18.217385,18.217385,123.543538,124.625935,124.625935,124.625935,124.625935,124.625935,124.625935,124.625935,124.625935,124.625935,124.625935,124.625935,124.625935,124.625935,124.625935,124.625935,124.625935,124.625935,124.625935,124.625935,0,0,0,0,0,0,0,0,0,0,0,0,0,0,0,0,0,0,0,0,10,10,10,10,10,10,10,10,10,10,10,10,10,10,10,10,10,10,10,10,0,0,0,0,0,0,0,0,0,0,0,0,0,0,0,0,0,0,0,0
61.546096,62.925199,67.090276,60.593366,64.79552,63.348713,63.348713,63.348713,63.348713,63.348713,63.348713,63.348713,63.348713,63.348713,63.348713,63.348713,63.348713,63.348713,63.348713,63.348713,124.901873,119.998785,113.905831,115.107656,111.138391,108.951072,108.951072,108.951072,108.951072,108.951072,108.951072,108.951072,108.951072,108.951072,108.951072,108.951072,108.951072,108.951072,108.951072,108.951072,0,0,0,0,0,0,0,0,0,0,0,0,0,0,0,0,0,0,0,0,10,10,10,10,10,10,10,10,10,10,10,10,10,10,10,10,10,10,10,10,0,0,0,0,0,0,0,0,0,0,0,0,0,0,0,0,0,0,0,0
99.905764,106.852506,106.852506,106.852506,106.852506,106.852506,106.852506,106.852506,106.852506,106.852506,106.852506,106.852506,106.852506,106.852506,106.852506,106.852506,106.852506,106.852506,106.852506,106.852506,71.417514,67.366395,67.366395,67.366395,67.366395,67.366395,67.366395,67.366395,67.366395,67.366395,67.366395,67.366395,67.366395,67.366395,67.366395,67.366395,67.366395,67.366395,67.366395,67.366395,0,0,0,0,0,0,0,0,0,0,0,0,0,0,0,0,0,0,0,0,10,10,10,10,10,10,10,10,10,10,10,10,10,10,10,10,10,10,10,10,0,0,0,0,0,0,0,0,0,0,0,0,0,0,0,0,0,0,0,0
113.152121,118.997134,118.997134,118.997134,118.997134,118.997134,118.997134,118.997134,118.997134,118.997134,118.997134,118.997134,118.997134,118.997134,118.997134,118.997134,118.997134,118.997134,118.997134,118.997134,13.113598,2.099751,2.099751,2.099751,2.099751,2.099751,2.099751,2.099751,2.099751,2.099751,2.099751,2.099751,2.099751,2.099751,2.099751,2.099751,2.099751,2.099751,2.099751,2.099751,0,0,0,0,0,0,0,0,0,0,0,0,0,0,0,0,0,0,0,0,10,10,10,10,10,10,10,10,10,10,10,10,10,10,10,10,10,10,10,10,0,0,0,0,0,0,0,0,0,0,0,0,0,0,0,0,0,0,0,0
127.0,122.370537,122.370537,122.370537,122.370537,122.370537,122.370537,122.370537,122.370537,122.370537,122.370537,122.370537,122.370537,122.370537,122.370537,122.370537,122.370537,122.370537,122.370537,122.370537,121.0,125.041324,125.041324,125.041324,125.041324,125.041324,125.041324,125.041324,125.041324,125.041324,125.041324,125.041324,125.041324,125.041324,125.041324,125.041324,125.041324,125.041324,125.041324,125.041324,0,0,0,0,0,0,0,0,0,0,0,0,0,0,0,0,0,0,0,0,10,10,10,10,10,10,10,10,10,10,10,10,10,10,10,10,10,10,10,10,0,0,0,0,0,0,0,0,0,0,0,0,0,0,0,0,0,0,0,0
45.653136,35.801382,47.921669,45.613194,43.875152,28.308749,35.143903,38.307083,38.307083,38.307083,38.307083,38.307083,38.307083,38.307083,38.307083,38.307083,38.307083,38.307083,38.307083,38.307083,83.873126,74.017376,79.877719,72.800244,81.076356,82.673603,70.904876,72.980098,72.980098,72.980098,72.980098,72.980098,72.980098,72.980098,72.980098,72.980098,72.980098,72.980098,72.980098,72.980098,0,0,0,0,0,0,0,0,0,0,0,0,0,0,0,0,0,0,0,0,10,10,10,10,10,10,10,10,10,10,10,10,10,10,10,10,10,10,10,10,0,0,0,0,0,0,0,0,0,0,0,0,0,0,0,0,0,0,0,0
48.668028,41.317976,43.319206,30.846422,30.846422,30.846422,30.846422,30.846422,30.846422,30.846422,30.846422,30.846422,30.846422,30.846422,30.846422,30.846422,30.846422,30.846422,30.846422,30.846422,13.800336,9.499873,10.705592,5.961917,5.961917,5.961917,5.961917,5.961917,5.961917,5.961917,5.961917,5.961917,5.961917,5.961917,5.961917,5.961917,5.961917,5.961917,5.961917,5.961917,0,0,0,0,0,0,0,0,0,0,0,0,0,0,0,0,0,0,0,0,10,10,10,10,10,10,10,10,10,10,10,10,10,10,10,10,10,10,10,10,0,0,0,0,0,0,0,0,0,0,0,0,0,0,0,0,0,0,0,0
8.859359,8.861892,8.861892,8.861892,8.861892,8.861892,8.861892,8.861892,8.861892,8.861892,8.861892,8.861892,8.861892,8.861892,8.861892,8.861892,8.861892,8.861892,8.861892,8.861892,87.668752,86.296381,86.296381,86.296381,86.296381,86.296381,86.296381,86.296381,86.296381,86.296381,86.296381,86.296381,86.296381,86.296381,86.296381,86.296381,86.296381,86.296381,86.296381,86.296381,0,0,0,0,0,0,0,0,0,0,0,0,0,0,0,0,0,0,0,0,10,10,10,10,10,10,10,10,10,10,10,10,10,10,10,10,10,10,10,10,0,0,0,0,0,0,0,0,0,0,0,0,0,0,0,0,0,0,0,0
75.761493,73.911653,77.011495,87.463174,84.649765,89.076206,77.71899,77.71899,77.71899,77.71899,77.71899,77.71899,77.71899,77.71899,77.71899,77.71899,77.71899,77.71899,77.71899,77.71899,70.501907,71.898733,70.201609,65.840681,80.168943,77.293736,79.483039,79.483039,79.483039,79.483039,79.483039,79.483039,79.483039,79.483039,79.483039,79.483039,79.483039,79.483039,79.483039,79.483039,0,0,0,0,0,0,0,0,0,0,0,0,0,0,0,0,0,0,0,0,10,10,10,10,10,10,10,10,10,10,10,10,10,10,10,10,10,10,10,10,0,0,0,0,0,0,0,0,0,0,0,0,0,0,0,0,0,0,0,0
27.398372,36.694427,28.308948,28.308948,28.308948,28.308948,28.308948,28.308948,28.308948,28.308948,28.308948,28.308948,28.308948,28.308948,28.308948,28.308948,28.308948,28.308948,28.308948,28.308948,25.922344,31.656164,29.873293,29.873293,29.873293,29.873293,29.873293,29.873293,29.873293,29.873293,29.873293,29.873293,29.873293,29.873293,29.873293,29.873293,29.873293,29.873293,29.873293,29.873293,0,0,0,0,0,0,0,0,0,0,0,0,0,0,0,0,0,0,0,0,10,10,10,10,10,10,10,10,10,10,10,10,10,10,10,10,10,10,10,10,0,0,0,0,0,0,0,0,0,0,0,0,0,0,0,0,0,0,0,0
127.0,127.0,116.366665,112.655443,104.956515,104.956515,104.956515,104.956515,104.956515,104.956515,104.956515,104.956515,104.956515,104.956515,104.956515,104.956515,104.956515,104.956515,104.956515,104.956515,34.0,26.0,31.838257,32.031869,29.072961,29.072961,29.072961,29.072961,29.072961,29.072961,29.072961,29.072961,29.072961,29.072961,29.072961,29.072961,29.072961,29.072961,29.072961,29.072961,0,0,0,0,0,0,0,0,0,0,0,0,0,0,0,0,0,0,0,0,10,10,10,10,10,10,10,10,10,10,10,10,10,10,10,10,10,10,10,10,0,0,0,0,0,0,0,0,0,0,0,0,0,0,0,0,0,0,0,0
119.619046,108.3238,108.3238,108.3238,108.3238,108.3238,108.3238,108.3238,108.3238,108.3238,108.3238,108.3238,108.3238,108.3238,108.3238,108.3238,108.3238,108.3238,108.3238,108.3238,73.909364,80.020845,80.020845,80.020845,80.020845,80.020845,80.020845,80.020845,80.020845,80.020845,80.020845,80.020845,80.020845,80.020845,80.020845,80.020845,80.020845,80.020845,80.020845,80.020845,0,0,0,0,0,0,0,0,0,0,0,0,0,0,0,0,0,0,0,0,10,10,10,10,10,10,10,10,10,10,10,10,10,10,10,10,10,10,10,10,0,0,0,0,0,0,0,0,0,0,0,0,0,0,0,0,0,0,0,0
4.62457,0.0,0.0,0.0,0.0,0.0,0.0,0.0,0.0,0.0,0.0,0.0,0.0,0.0,0.0,0.0,0.0,0.0,0.0,0.0,8.186698,1.0,1.0,1.0,1.0,1.0,1.0,1.0,1.0,1.0,1.0,1.0,1.0,1.0,1.0,1.0,1.0,1.0,1.0,1.0,0,0,0,0,0,0,0,0,0,0,0,0,0,0,0,0,0,0,0,0,10,10,10,10,10,10,10,10,10,10,10,10,10,10,10,10,10,10,10,10,0,0,0,0,0,0,0,0,0,0,0,0,0,0,0,0,0,0,0,0
50.835861,54.0729,54.0729,54.0729,54.0729,54.0729,54.0729,54.0729,54.0729,54.0729,54.0729,54.0729,54.0729,54.0729,54.0729,54.0729,54.0729,54.0729,54.0729,54.0729,113.14439,108.177386,108.177386,108.177386,108.177386,108.177386,108.177386,108.177386,108.177386,108.177386,108.177386,108.177386,108.177386,108.177386,108.177386,108.177386,108.177386,108.177386,108.177386,108.177386,0,0,0,0,0,0,0,0,0,0,0,0,0,0,0,0,0,0,0,0,10,10,10,10,10,10,10,10,10,10,10,10,10,10,10,10,10,10,10,10,0,0,0,0,0,0,0,0,0,0,0,0,0,0,0,0,0,0,0,0
65.559526,55.054051,61.98812,61.02326,61.02326,61.02326,61.02326,61.02326,61.02326,61.02326,61.02326,61.02326,61.02326,61.02326,61.02326,61.02326,61.02326,61.02326,61.02326,61.02326,5.25093,9.854028,23.015976,26.714774,26.714774,26.714774,26.714774,26.714774,26.714774,26.714774,26.714774,26.714774,26.714774,26.714774,26.714774,26.714774,26.714774,26.714774,26.714774,26.714774,0,0,0,0,0,0,0,0,0,0,0,0,0,0,0,0,0,0,0,0,10,10,10,10,10,10,10,10,10,10,10,10,10,10,10,10,10,10,10,10,0,0,0,0,0,0,0,0,0,0,0,0,0,0,0,0,0,0,0,0
47.867128,36.255844,29.014202,28.838368,37.08036,33.554132,33.554132,33.554132,33.554132,33.554132,33.554132,33.554132,33.554132,33.554132,33.554132,33.554132,33.554132,33.554132,33.554132,33.554132,51.149082,58.076686,70.087289,59.426898,57.925921,49.228508,49.228508,49.228508,49.228508,49.228508,49.228508,49.228508,49.228508,49.228508,49.228508,49.228508,49.228508,49.228508,49.228508,49.228508,0,0,0,0,0,0,0,0,0,0,0,0,0,0,0,0,0,0,0,0,10,10,10,10,10,10,10,10,10,10,10,10,10,10,10,10,10,10,10,10,0,0,0,0,0,0,0,0,0,0,0,0,0,0,0,0,0,0,0,0
38.672387,43.901257,43.202446,43.626234,31.537572,51.472472,53.417969,45.641918,55.916768,55.916768,55.916768,55.916768,55.916768,55.916768,55.916768,55.916768,55.916768,55.916768,55.916768,55.916768,34.396508,42.805791,44.585266,54.268729,46.517702,58.835268,50.171199,46.021877,35.719236,35.719236,35.719236,35.719236,35.719236,35.719236,35.719236,35.719236,35.719236,35.719236,35.719236,35.719236,0,0,0,0,0,0,0,0,0,0,0,0,0,0,0,0,0,0,0,0,10,10,10,10,10,10,10,10,10,10,10,10,10,10,10,10,10,10,10,10,0,0,0,0,0,0,0,0,0,0,0,0,0,0,0,0,0,0,0,0
32.998938,20.511892,20.511892,20.511892,20.511892,20.511892,20.511892,20.511892,20.511892,20.511892,20.511892,20.511892,20.511892,20.511892,20.511892,20.511892,20.511892,20.511892,20.511892,20.511892,8.114566,10.947974,10.947974,10.947974,10.947974,10.947974,10.947974,10.947974,10.947974,10.947974,10.947974,10.947974,10.947974,10.947974,10.947974,10.947974,10.947974,10.947974,10.947974,10.947974,0,0,0,0,0,0,0,0,0,0,0,0,0,0,0,0,0,0,0,0,10,10,10,10,10,10,10,10,10,10,10,10,10,10,10,10,10,10,10,10,0,0,0,0,0,0,0,0,0,0,0,0,0,0,0,0,0,0,0,0
28.546717,29.343872,31.120261,28.67392,33.929915,34.940588,39.178169,27.153364,27.153364,27.153364,27.153364,27.153364,27.153364,27.153364,27.153364,27.153364,27.153364,27.153364,27.153364,27.153364,28.060967,23.98999,25.750916,19.582699,20.951549,27.986027,31.797343,37.766002,37.766002,37.766002,37.766002,37.766002,37.766002,37.766002,37.766002,37.766002,37.766002,37.766002,37.766002,37.766002,0,0,0,0,0,0,0,0,0,0,0,0,0,0,0,0,0,0,0,0,10,10,10,10,10,10,10,10,10,10,10,10,10,10,10,10,10,10,10,10,0,0,0,0,0,0,0,0,0,0,0,0,0,0,0,0,0,0,0,0
45.123942,36.259481,32.678604,40.266054,39.886751,39.886751,39.886751,39.886751,39.886751,39.886751,39.886751,39.886751,39.886751,39.886751,39.886751,39.886751,39.886751,39.886751,39.886751,39.886751,91.191995,86.358063,96.675524,103.515012,105.990498,105.990498,105.990498,105.990498,105.990498,105.990498,105.990498,105.990498,105.990498,105.990498,105.990498,105.990498,105.990498,105.990498,105.990498,105.990498,0,0,0,0,0,0,0,0,0,0,0,0,0,0,0,0,0,0,0,0,10,10,10,10,10,10,10,10,10,10,10,10,10,10,10,10,10,10,10,10,0,0,0,0,0,0,0,0,0,0,0,0,0,0,0,0,0,0,0,0
63.733021,66.416016,78.328283,80.121633,89.483608,99.47357,111.01384,111.01384,111.01384,111.01384,111.01384,111.01384,111.01384,111.01384,111.01384,111.01384,111.01384,111.01384,111.01384,111.01384,41.682038,32.104139,33.568261,35.211193,44.182179,42.969526,41.836518,41.836518,41.836518,41.836518,41.836518,41.836518,41.836518,41.836518,41.836518,41.836518,41.836518,41.836518,41.836518,41.836518,0,0,0,0,0,0,0,0,0,0,0,0,0,0,0,0,0,0,0,0,10,10,10,10,10,10,10,10,10,10,10,10,10,10,10,10,10,10,10,10,0,0,0,0,0,0,0,0,0,0,0,0,0,0,0,0,0,0,0,0
113.203771,116.168231,110.399126,114.754089,118.37499,110.886142,110.886142,110.886142,110.886142,110.886142,110.886142,110.886142,110.886142,110.886142,110.886142,110.886142,110.886142,110.886142,110.886142,110.886142,103.966211,102.220717,101.638239,89.822206,95.782184,91.888158,91.888158,91.888158,91.888158,91.888158,91.888158,91.888158,91.888158,91.888158,91.888158,91.888158,91.888158,91.888158,91.888158,91.888158,0,0,0,0,0,0,0,0,0,0,0,0,0,0,0,0,0,0,0,0,10,10,10,10,10,10,10,10,10,10,10,10,10,10,10,10,10,10,10,10,0,0,0,0,0,0,0,0,0,0,0,0,0,0,0,0,0,0,0,0
80.671585,81.505767,70.032088,72.692224,72.692224,72.692224,72.692224,72.692224,72.692224,72.692224,72.692224,72.692224,72.692224,72.692224,72.692224,72.692224,72.692224,72.692224,72.692224,72.692224,94.892748,94.989653,98.152527,100.190343,100.190343,100.190343,100.190343,100.190343,100.190343,100.190343,100.190343,100.190343,100.190343,100.190343,100.190343,100.190343,100.190343,100.190343,100.190343,100.190343,0,0,0,0,0,0,0,0,0,0,0,0,0,0,0,0,0,0,0,0,10,10,10,10,10,10,10,10,10,10,10,10,10,10,10,10,10,10,10,10,0,0,0,0,0,0,0,0,0,0,0,0,0,0,0,0,0,0,0,0
85.922229,89.049524,84.026892,71.929283,84.037505,78.223745,69.783531,69.783531,69.783531,69.783531,69.783531,69.783531,69.783531,69.783531,69.783531,69.783531,69.783531,69.783531,69.783531,69.783531,50.43366,40.83298,42.400294,47.961593,52.499425,63.990069,67.147748,67.147748,67.147748,67.147748,67.147748,67.147748,67.147748,67.147748,67.147748,67.147748,67.147748,67.147748,67.147748,67.147748,0,0,0,0,0,0,0,0,0,0,0,0,0,0,0,0,0,0,0,0,10,10,10,10,10,10,10,10,10,10,10,10,10,10,10,10,10,10,10,10,0,0,0,0,0,0,0,0,0,0,0,0,0,0,0,0,0,0,0,0
9.327553,16.144048,17.794706,15.929967,11.607942,5.23939,8.819001,2.497724,0.0,6.920734,7.280468,5.841043,0.0,0.0,0.0,0.0,0.0,0.0,0.0,0.0,32.886215,33.045543,34.825891,32.931764,33.623601,42.588693,32.829765,36.75953,40.0,40.003214,42.99762,43.887248,39.0,39.0,39.0,39.0,39.0,39.0,39.0,39.0,0,0,0,0,0,0,0,0,0,0,0,0,0,0,0,0,0,0,0,0,10,10,10,10,10,10,10,10,10,10,10,10,10,10,10,10,10,10,10,10,0,0,0,0,0,0,0,0,0,0,0,0,0,0,0,0,0,0,0,0
5.608506,0.0,0.0,0.0,0.0,0.0,0.0,0.0,0.0,0.0,0.0,0.0,0.0,0.0,0.0,0.0,0.0,0.0,0.0,0.0,120.869967,127.0,127.0,127.0,127.0,127.0,127.0,127.0,127.0,127.0,127.0,127.0,127.0,127.0,127.0,127.0,127.0,127.0,127.0,127.0,0,0,0,0,0,0,0,0,0,0,0,0,0,0,0,0,0,0,0,0,10,10,10,10,10,10,10,10,10,10,10,10,10,10,10,10,10,10,10,10,0,0,0,0,0,0,0,0,0,0,0,0,0,0,0,0,0,0,0,0
43.198209,39.030289,39.030289,39.030289,39.030289,39.030289,39.030289,39.030289,39.030289,39.030289,39.030289,39.030289,39.030289,39.030289,39.030289,39.030289,39.030289,39.030289,39.030289,39.030289,13.37941,4.009712,4.009712,4.009712,4.009712,4.009712,4.009712,4.009712,4.009712,4.009712,4.009712,4.009712,4.009712,4.009712,4.009712,4.009712,4.009712,4.009712,4.009712,4.009712,0,0,0,0,0,0,0,0,0,0,0,0,0,0,0,0,0,0,0,0,10,10,10,10,10,10,10,10,10,10,10,10,10,10,10,10,10,10,10,10,0,0,0,0,0,0,0,0,0,0,0,0,0,0,0,0,0,0,0,0
95.843664,101.709705,93.05172,86.356116,86.027007,86.027007,86.027007,86.027007,86.027007,86.027007,86.027007,86.027007,86.027007,86.027007,86.027007,86.027007,86.027007,86.027007,86.027007,86.027007,109.099581,108.253252,112.679644,105.954581,104.82838,104.82838,104.82838,104.82838,104.82838,104.82838,104.82838,104.82838,104.82838,104.82838,104.82838,104.82838,104.82838,104.82838,104.82838,104.82838,0,0,0,0,0,0,0,0,0,0,0,0,0,0,0,0,0,0,0,0,10,10,10,10,10,10,10,10,10,10,10,10,10,10,10,10,10,10,10,10,0,0,0,0,0,0,0,0,0,0,0,0,0,0,0,0,0,0,0,0
85.0,78.637,82.372658,81.519663,82.376193,95.103337,95.103337,95.103337,95.103337,95.103337,95.103337,95.103337,95.103337,95.103337,95.103337,95.103337,95.103337,95.103337,95.103337,95.103337,127.0,123.993506,114.470916,123.031496,113.653586,118.534613,118.534613,118.534613,118.534613,118.534613,118.534613,118.534613,118.534613,118.534613,118.534613,118.534613,118.534613,118.534613,118.534613,118.534613,0,0,0,0,0,0,0,0,0,0,0,0,0,0,0,0,0,0,0,0,10,10,10,10,10,10,10,10,10,10,10,10,10,10,10,10,10,10,10,10,0,0,0,0,0,0,0,0,0,0,0,0,0,0,0,0,0,0,0,0
126.436722,122.537099,127.0,127.0,127.0,127.0,127.0,127.0,127.0,127.0,127.0,127.0,127.0,127.0,127.0,127.0,127.0,127.0,127.0,127.0,112.196214,106.25722,103.0,103.0,103.0,103.0,103.0,103.0,103.0,103.0,103.0,103.0,103.0,103.0,103.0,103.0,103.0,103.0,103.0,103.0,0,0,0,0,0,0,0,0,0,0,0,0,0,0,0,0,0,0,0,0,10,10,10,10,10,10,10,10,10,10,10,10,10,10,10,10,10,10,10,10,0,0,0,0,0,0,0,0,0,0,0,0,0,0,0,0,0,0,0,0
41.0,31.0,31.084229,15.611536,14.492935,9.248171,16.94051,16.94051,16.94051,16.94051,16.94051,16.94051,16.94051,16.94051,16.94051,16.94051,16.94051,16.94051,16.94051,16.94051,123.0,127.0,122.662531,125.202942,115.440495,109.080217,105.945862,105.945862,105.945862,105.945862,105.945862,105.945862,105.945862,105.945862,105.945862,105.945862,105.945862,105.945862,105.945862,105.945862,0,0,0,0,0,0,0,0,0,0,0,0,0,0,0,0,0,0,0,0,10,10,10,10,10,10,10,10,10,10,10,10,10,10,10,10,10,10,10,10,0,0,0,0,0,0,0,0,0,0,0,0,0,0,0,0,0,0,0,0
44.399587,42.379789,52.965182,52.965182,52.965182,52.965182,52.965182,52.965182,52.965182,52.965182,52.965182,52.965182,52.965182,52.965182,52.965182,52.965182,52.965182,52.965182,52.965182,52.965182,26.924851,33.167211,35.789634,35.789634,35.789634,35.789634,35.789634,35.789634,35.789634,35.789634,35.789634,35.789634,35.789634,35.789634,35.789634,35.789634,35.789634,35.789634,35.789634,35.789634,0,0,0,0,0,0,0,0,0,0,0,0,0,0,0,0,0,0,0,0,10,10,10,10,10,10,10,10,10,10,10,10,10,10,10,10,10,10,10,10,0,0,0,0,0,0,0,0,0,0,0,0,0,0,0,0,0,0,0,0
48.177632,38.74788,43.410439,43.410439,43.410439,43.410439,43.410439,43.410439,43.410439,43.410439,43.410439,43.410439,43.410439,43.410439,43.410439,43.410439,43.410439,43.410439,43.410439,43.410439,17.427442,17.460627,17.949644,17.949644,17.949644,17.949644,17.949644,17.949644,17.949644,17.949644,17.949644,17.949644,17.949644,17.949644,17.949644,17.949644,17.949644,17.949644,17.949644,17.949644,0,0,0,0,0,0,0,0,0,0,0,0,0,0,0,0,0,0,0,0,10,10,10,10,10,10,10,10,10,10,10,10,10,10,10,10,10,10,10,10,0,0,0,0,0,0,0,0,0,0,0,0,0,0,0,0,0,0,0,0
3.905425,5.900515,9.433236,24.926314,27.520954,19.015517,14.159854,19.011501,16.086698,16.086698,16.086698,16.086698,16.086698,16.086698,16.086698,16.086698,16.086698,16.086698,16.086698,16.086698,79.429522,70.899848,66.94402,60.776839,60.067774,67.785239,65.249847,55.196684,72.871205,72.871205,72.871205,72.871205,72.871205,72.871205,72.871205,72.871205,72.871205,72.871205,72.871205,72.871205,0,0,0,0,0,0,0,0,0,0,0,0,0,0,0,0,0,0,0,0,10,10,10,10,10,10,10,10,10,10,10,10,10,10,10,10,10,10,10,10,0,0,0,0,0,0,0,0,0,0,0,0,0,0,0,0,0,0,0,0
69.415163,74.408595,77.703136,71.764405,71.764405,71.764405,71.764405,71.764405,71.764405,71.764405,71.764405,71.764405,71.764405,71.764405,71.764405,71.764405,71.764405,71.764405,71.764405,71.764405,67.968393,75.941129,74.714634,75.216431,75.216431,75.216431,75.216431,75.216431,75.216431,75.216431,75.216431,75.216431,75.216431,75.216431,75.216431,75.216431,75.216431,75.216431,75.216431,75.216431,0,0,0,0,0,0,0,0,0,0,0,0,0,0,0,0,0,0,0,0,10,10,10,10,10,10,10,10,10,10,10,10,10,10,10,10,10,10,10,10,0,0,0,0,0,0,0,0,0,0,0,0,0,0,0,0,0,0,0,0
57.686041,60.408072,72.917274,72.917274,72.917274,72.917274,72.917274,72.917274,72.917274,72.917274,72.917274,72.917274,72.917274,72.917274,72.917274,72.917274,72.917274,72.917274,72.917274,72.917274,116.993181,109.203557,108.134553,108.134553,108.134553,108.134553,108.134553,108.134553,108.134553,108.134553,108.134553,108.134553,108.134553,108.134553,108.134553,108.134553,108.134553,108.134553,108.134553,108.134553,0,0,0,0,0,0,0,0,0,0,0,0,0,0,0,0,0,0,0,0,10,10,10,10,10,10,10,10,10,10,10,10,10,10,10,10,10,10,10,10,0,0,0,0,0,0,0,0,0,0,0,0,0,0,0,0,0,0,0,0
119.269139,117.70429,117.70429,117.70429,117.70429,117.70429,117.70429,117.70429,117.70429,117.70429,117.70429,117.70429,117.70429,117.70429,117.70429,117.70429,117.70429,117.70429,117.70429,117.70429,20.102133,14.982405,14.982405,14.982405,14.982405,14.982405,14.982405,14.982405,14.982405,14.982405,14.982405,14.982405,14.982405,14.982405,14.982405,14.982405,14.982405,14.982405,14.982405,14.982405,0,0,0,0,0,0,0,0,0,0,0,0,0,0,0,0,0,0,0,0,10,10,10,10,10,10,10,10,10,10,10,10,10,10,10,10,10,10,10,10,0,0,0,0,0,0,0,0,0,0,0,0,0,0,0,0,0,0,0,0
56.134169,54.763656,61.231305,61.231305,61.231305,61.231305,61.231305,61.231305,61.231305,61.231305,61.231305,61.231305,61.231305,61.231305,61.231305,61.231305,61.231305,61.231305,61.231305,61.231305,97.761754,105.990573,104.413932,104.413932,104.413932,104.413932,104.413932,104.413932,104.413932,104.413932,104.413932,104.413932,104.413932,104.413932,104.413932,104.413932,104.413932,104.413932,104.413932,104.413932,0,0,0,0,0,0,0,0,0,0,0,0,0,0,0,0,0,0,0,0,10,10,10,10,10,10,10,10,10,10,10,10,10,10,10,10,10,10,10,10,0,0,0,0,0,0,0,0,0,0,0,0,0,0,0,0,0,0,0,0
46.955568,43.039817,34.964115,37.876469,42.082117,42.851878,43.722567,48.05163,52.11168,58.519852,53.039587,66.133623,59.600564,57.310285,57.310285,57.310285,57.310285,57.310285,57.310285,57.310285,4.958476,9.067707,13.159922,17.866088,9.165823,21.717413,7.614744,13.801368,28.408343,34.436903,28.987558,24.405634,20.876658,25.069513,25.069513,25.069513,25.069513,25.069513,25.069513,25.069513,0,0,0,0,0,0,0,0,0,0,0,0,0,0,0,0,0,0,0,0,10,10,10,10,10,10,10,10,10,10,10,10,10,10,10,10,10,10,10,10,0,0,0,0,0,0,0,0,0,0,0,0,0,0,0,0,0,0,0,0
123.254187,123.569931,121.96517,116.177083,116.177083,116.177083,116.177083,116.177083,116.177083,116.177083,116.177083,116.177083,116.177083,116.177083,116.177083,116.177083,116.177083,116.177083,116.177083,116.177083,76.111587,78.212503,67.276858,70.586135,70.586135,70.586135,70.586135,70.586135,70.586135,70.586135,70.586135,70.586135,70.586135,70.586135,70.586135,70.586135,70.586135,70.586135,70.586135,70.586135,0,0,0,0,0,0,0,0,0,0,0,0,0,0,0,0,0,0,0,0,10,10,10,10,10,10,10,10,10,10,10,10,10,10,10,10,10,10,10,10,0,0,0,0,0,0,0,0,0,0,0,0,0,0,0,0,0,0,0,0
69.0,75.946417,86.0,86.0,86.0,86.0,86.0,86.0,86.0,86.0,86.0,86.0,86.0,86.0,86.0,86.0,86.0,86.0,86.0,86.0,0.0,5.056244,0.0,0.0,0.0,0.0,0.0,0.0,0.0,0.0,0.0,0.0,0.0,0.0,0.0,0.0,0.0,0.0,0.0,0.0,0,0,0,0,0,0,0,0,0,0,0,0,0,0,0,0,0,0,0,0,10,10,10,10,10,10,10,10,10,10,10,10,10,10,10,10,10,10,10,10,0,0,0,0,0,0,0,0,0,0,0,0,0,0,0,0,0,0,0,0
124.490696,117.416598,115.057176,115.057176,115.057176,115.057176,115.057176,115.057176,115.057176,115.057176,115.057176,115.057176,115.057176,115.057176,115.057176,115.057176,115.057176,115.057176,115.057176,115.057176,121.290228,111.074094,100.883408,100.883408,100.883408,100.883408,100.883408,100.883408,100.883408,100.883408,100.883408,100.883408,100.883408,100.883408,100.883408,100.883408,100.883408,100.883408,100.883408,100.883408,0,0,0,0,0,0,0,0,0,0,0,0,0,0,0,0,0,0,0,0,10,10,10,10,10,10,10,10,10,10,10,10,10,10,10,10,10,10,10,10,0,0,0,0,0,0,0,0,0,0,0,0,0,0,0,0,0,0,0,0
64.245989,60.0,60.0,60.0,60.0,60.0,60.0,60.0,60.0,60.0,60.0,60.0,60.0,60.0,60.0,60.0,60.0,60.0,60.0,60.0,124.084402,127.0,127.0,127.0,127.0,127.0,127.0,127.0,127.0,127.0,127.0,127.0,127.0,127.0,127.0,127.0,127.0,127.0,127.0,127.0,0,0,0,0,0,0,0,0,0,0,0,0,0,0,0,0,0,0,0,0,10,10,10,10,10,10,10,10,10,10,10,10,10,10,10,10,10,10,10,10,0,0,0,0,0,0,0,0,0,0,0,0,0,0,0,0,0,0,0,0
40.794395,42.175272,42.175272,42.175272,42.175272,42.175272,42.175272,42.175272,42.175272,42.175272,42.175272,42.175272,42.175272,42.175272,42.175272,42.175272,42.175272,42.175272,42.175272,42.175272,44.419751,49.066504,49.066504,49.066504,49.066504,49.066504,49.066504,49.066504,49.066504,49.066504,49.066504,49.066504,49.066504,49.066504,49.066504,49.066504,49.066504,49.066504,49.066504,49.066504,0,0,0,0,0,0,0,0,0,0,0,0,0,0,0,0,0,0,0,0,10,10,10,10,10,10,10,10,10,10,10,10,10,10,10,10,10,10,10,10,0,0,0,0,0,0,0,0,0,0,0,0,0,0,0,0,0,0,0,0
0.0,9.940082,9.940082,9.940082,9.940082,9.940082,9.940082,9.940082,9.940082,9.940082,9.940082,9.940082,9.940082,9.940082,9.940082,9.940082,9.940082,9.940082,9.940082,9.940082,100.0,99.166239,99.166239,99.166239,99.166239,99.166239,99.166239,99.166239,99.166239,99.166239,99.166239,99.166239,99.166239,99.166239,99.166239,99.166239,99.166239,99.166239,99.166239,99.166239,0,0,0,0,0,0,0,0,0,0,0,0,0,0,0,0,0,0,0,0,10,10,10,10,10,10,10,10,10,10,10,10,10,10,10,10,10,10,10,10,0,0,0,0,0,0,0,0,0,0,0,0,0,0,0,0,0,0,0,0
12.405138,0.0,0.0,0.0,0.0,0.0,0.0,0.0,0.0,0.0,0.0,0.0,0.0,0.0,0.0,0.0,0.0,0.0,0.0,0.0,51.088531,54.0,54.0,54.0,54.0,54.0,54.0,54.0,54.0,54.0,54.0,54.0,54.0,54.0,54.0,54.0,54.0,54.0,54.0,54.0,0,0,0,0,0,0,0,0,0,0,0,0,0,0,0,0,0,0,0,0,10,10,10,10,10,10,10,10,10,10,10,10,10,10,10,10,10,10,10,10,0,0,0,0,0,0,0,0,0,0,0,0,0,0,0,0,0,0,0,0
77.912816,85.039719,82.428828,89.657646,89.657646,89.657646,89.657646,89.657646,89.657646,89.657646,89.657646,89.657646,89.657646,89.657646,89.657646,89.657646,89.657646,89.657646,89.657646,89.657646,115.178122,122.918679,109.105345,118.916109,118.916109,118.916109,118.916109,118.916109,118.916109,118.916109,118.916109,118.916109,118.916109,118.916109,118.916109,118.916109,118.916109,118.916109,118.916109,118.916109,0,0,0,0,0,0,0,0,0,0,0,0,0,0,0,0,0,0,0,0,10,10,10,10,10,10,10,10,10,10,10,10,10,10,10,10,10,10,10,10,0,0,0,0,0,0,0,0,0,0,0,0,0,0,0,0,0,0,0,0
6.761031,8.681944,9.00302,5.558751,11.266642,5.970208,14.0,14.0,14.0,14.0,14.0,14.0,14.0,14.0,14.0,14.0,14.0,14.0,14.0,14.0,22.957952,17.931856,6.683138,5.213715,4.507771,2.07148,0.0,0.0,0.0,0.0,0.0,0.0,0.0,0.0,0.0,0.0,0.0,0.0,0.0,0.0,0,0,0,0,0,0,0,0,0,0,0,0,0,0,0,0,0,0,0,0,10,10,10,10,10,10,10,10,10,10,10,10,10,10,10,10,10,10,10,10,0,0,0,0,0,0,0,0,0,0,0,0,0,0,0,0,0,0,0,0
45.812078,42.786963,38.186311,44.765755,32.342097,32.342097,32.342097,32.342097,32.342097,32.342097,32.342097,32.342097,32.342097,32.342097,32.342097,32.342097,32.342097,32.342097,32.342097,32.342097,115.607654,124.238079,123.102053,116.168285,118.356058,118.356058,118.356058,118.356058,118.356058,118.356058,118.356058,118.356058,118.356058,118.356058,118.356058,118.356058,118.356058,118.356058,118.356058,118.356058,0,0,0,0,0,0,0,0,0,0,0,0,0,0,0,0,0,0,0,0,10,10,10,10,10,10,10,10,10,10,10,10,10,10,10,10,10,10,10,10,0,0,0,0,0,0,0,0,0,0,0,0,0,0,0,0,0,0,0,0
38.999722,46.955459,39.398656,39.398656,39.398656,39.398656,39.398656,39.398656,39.398656,39.398656,39.398656,39.398656,39.398656,39.398656,39.398656,39.398656,39.398656,39.398656,39.398656,39.398656,93.063814,86.226065,87.004077,87.004077,87.004077,87.004077,87.004077,87.004077,87.004077,87.004077,87.004077,87.004077,87.004077,87.004077,87.004077,87.004077,87.004077,87.004077,87.004077,87.004077,0,0,0,0,0,0,0,0,0,0,0,0,0,0,0,0,0,0,0,0,10,10,10,10,10,10,10,10,10,10,10,10,10,10,10,10,10,10,10,10,0,0,0,0,0,0,0,0,0,0,0,0,0,0,0,0,0,0,0,0
114.294305,108.52175,108.52175,108.52175,108.52175,108.52175,108.52175,108.52175,108.52175,108.52175,108.52175,108.52175,108.52175,108.52175,108.52175,108.52175,108.52175,108.52175,108.52175,108.52175,36.138849,23.816245,23.816245,23.816245,23.816245,23.816245,23.816245,23.816245,23.816245,23.816245,23.816245,23.816245,23.816245,23.816245,23.816245,23.816245,23.816245,23.816245,23.816245,23.816245,0,0,0,0,0,0,0,0,0,0,0,0,0,0,0,0,0,0,0,0,10,10,10,10,10,10,10,10,10,10,10,10,10,10,10,10,10,10,10,10,0,0,0,0,0,0,0,0,0,0,0,0,0,0,0,0,0,0,0,0
53.907023,49.757699,52.126214,53.266987,64.046632,64.046632,64.046632,64.046632,64.046632,64.046632,64.046632,64.046632,64.046632,64.046632,64.046632,64.046632,64.046632,64.046632,64.046632,64.046632,103.831818,106.110935,111.870651,115.372919,116.072993,116.072993,116.072993,116.072993,116.072993,116.072993,116.072993,116.072993,116.072993,116.072993,116.072993,116.072993,116.072993,116.072993,116.072993,116.072993,0,0,0,0,0,0,0,0,0,0,0,0,0,0,0,0,0,0,0,0,10,10,10,10,10,10,10,10,10,10,10,10,10,10,10,10,10,10,10,10,0,0,0,0,0,0,0,0,0,0,0,0,0,0,0,0,0,0,0,0
2.990802,14.066671,14.066671,14.066671,14.066671,14.066671,14.066671,14.066671,14.066671,14.066671,14.066671,14.066671,14.066671,14.066671,14.066671,14.066671,14.066671,14.066671,14.066671,14.066671,117.954232,124.984024,124.984024,124.984024,124.984024,124.984024,124.984024,124.984024,124.984024,124.984024,124.984024,124.984024,124.984024,124.984024,124.984024,124.984024,124.984024,124.984024,124.984024,124.984024,0,0,0,0,0,0,0,0,0,0,0,0,0,0,0,0,0,0,0,0,10,10,10,10,10,10,10,10,10,10,10,10,10,10,10,10,10,10,10,10,0,0,0,0,0,0,0,0,0,0,0,0,0,0,0,0,0,0,0,0
64.46742,56.84647,66.239504,60.032012,69.39371,67.0,66.100797,66.660152,71.805707,71.805707,71.805707,71.805707,71.805707,71.805707,71.805707,71.805707,71.805707,71.805707,71.805707,71.805707,17.088583,20.732899,16.904624,6.966963,10.81337,0.0,3.922171,6.39449,7.049142,7.049142,7.049142,7.049142,7.049142,7.049142,7.049142,7.049142,7.049142,7.049142,7.049142,7.049142,0,0,0,0,0,0,0,0,0,0,0,0,0,0,0,0,0,0,0,0,10,10,10,10,10,10,10,10,10,10,10,10,10,10,10,10,10,10,10,10,0,0,0,0,0,0,0,0,0,0,0,0,0,0,0,0,0,0,0,0
127.0,127.0,120.420066,127.0,121.340774,110.250202,110.250202,110.250202,110.250202,110.250202,110.250202,110.250202,110.250202,110.250202,110.250202,110.250202,110.250202,110.250202,110.250202,110.250202,32.0,41.0,41.570989,38.0,35.940398,40.73103,40.73103,40.73103,40.73103,40.73103,40.73103,40.73103,40.73103,40.73103,40.73103,40.73103,40.73103,40.73103,40.73103,40.73103,0,0,0,0,0,0,0,0,0,0,0,0,0,0,0,0,0,0,0,0,10,10,10,10,10,10,10,10,10,10,10,10,10,10,10,10,10,10,10,10,0,0,0,0,0,0,0,0,0,0,0,0,0,0,0,0,0,0,0,0
65.363773,61.242996,54.954387,65.313485,60.881806,58.099811,58.099811,58.099811,58.099811,58.099811,58.099811,58.099811,58.099811,58.099811,58.099811,58.099811,58.099811,58.099811,58.099811,58.099811,66.016551,67.707109,79.105857,79.497196,89.253943,101.640447,101.640447,101.640447,101.640447,101.640447,101.640447,101.640447,101.640447,101.640447,101.640447,101.640447,101.640447,101.640447,101.640447,101.640447,0,0,0,0,0,0,0,0,0,0,0,0,0,0,0,0,0,0,0,0,10,10,10,10,10,10,10,10,10,10,10,10,10,10,10,10,10,10,10,10,0,0,0,0,0,0,0,0,0,0,0,0,0,0,0,0,0,0,0,0
83.045815,80.16935,80.16935,80.16935,80.16935,80.16935,80.16935,80.16935,80.16935,80.16935,80.16935,80.16935,80.16935,80.16935,80.16935,80.16935,80.16935,80.16935,80.16935,80.16935,46.418773,49.187412,49.187412,49.187412,49.187412,49.187412,49.187412,49.187412,49.187412,49.187412,49.187412,49.187412,49.187412,49.187412,49.187412,49.187412,49.187412,49.187412,49.187412,49.187412,0,0,0,0,0,0,0,0,0,0,0,0,0,0,0,0,0,0,0,0,10,10,10,10,10,10,10,10,10,10,10,10,10,10,10,10,10,10,10,10,0,0,0,0,0,0,0,0,0,0,0,0,0,0,0,0,0,0,0,0
62.708421,50.238352,55.708191,46.687968,46.687968,46.687968,46.687968,46.687968,46.687968,46.687968,46.687968,46.687968,46.687968,46.687968,46.687968,46.687968,46.687968,46.687968,46.687968,46.687968,5.042897,7.348376,2.27843,13.47536,13.47536,13.47536,13.47536,13.47536,13.47536,13.47536,13.47536,13.47536,13.47536,13.47536,13.47536,13.47536,13.47536,13.47536,13.47536,13.47536,0,0,0,0,0,0,0,0,0,0,0,0,0,0,0,0,0,0,0,0,10,10,10,10,10,10,10,10,10,10,10,10,10,10,10,10,10,10,10,10,0,0,0,0,0,0,0,0,0,0,0,0,0,0,0,0,0,0,0,0
40.917819,37.0,35.930455,32.230585,35.855744,27.770947,13.69277,16.312101,16.688451,22.762808,17.112771,26.066674,20.51025,27.894961,26.290527,31.536497,30.198795,23.011299,18.976606,57.838442,57.03965,69.296219,59.313428,58.068696,68.971069,59.376315,62.288338,56.000254,59.082349,49.167925,50.917885,51.046658,54.380172,55.591016,63.088098,54.503426,3.799815,0.0,9.647794,11.014946,4.426086,12.728104,15.50204,8.04231,7.896161,2.955321,7.07703,12.649769,13.202625,16.136356,20.445885,33.107758,19.760584,18.90143,21.985597,29.079488,19.166265,37.849064,41.124128,30.742405,30.020453,29.092472,41.895261,47.945244,48.927883,53.200561,47.214772,54.101337,59.257443,48.711873,38.054338,46.255526,0,0,0,0,0,0,0,0,0,0,0,0,0,0,0,0,0,0,0,0,0,0,0,0,0,0,0,0,0,0,0,0,0,0,0,0,10,10,10,10,10,10,10,10,10,10,10,10,10,10,10,10,10,10,10,10,10,10,10,10,10,10,10,10,10,10,10,10,10,10,10,10,0,0,0,0,0,0,0,0,0,0,0,0,0,0,0,0,0,0,0,0,0,0,0,0,0,0,0,0,0,0,0,0,0,0,0,0
6.803469,10.340428,17.143775,17.200131,5.551056,15.653397,18.22242,20.453104,25.312874,22.026342,22.026342,22.026342,22.026342,22.026342,22.026342,22.026342,22.026342,22.026342,22.026342,22.026342,32.49564,21.292494,31.755307,35.839799,34.940364,31.709968,30.747234,27.049707,24.808897,18.626361,18.626361,18.626361,18.626361,18.626361,18.626361,18.626361,18.626361,18.626361,18.626361,18.626361,0,0,0,0,0,0,0,0,0,0,0,0,0,0,0,0,0,0,0,0,10,10,10,10,10,10,10,10,10,10,10,10,10,10,10,10,10,10,10,10,0,0,0,0,0,0,0,0,0,0,0,0,0,0,0,0,0,0,0,0
55.050759,61.090371,60.16751,56.170755,53.886818,60.325504,56.885,55.546002,52.834573,41.159605,51.861684,51.861684,51.861684,51.861684,51.861684,51.861684,51.861684,51.861684,51.861684,51.861684,42.237493,44.066824,54.813316,60.114992,55.770022,64.713011,59.271865,47.935937,41.389175,41.916569,45.031868,45.031868,45.031868,45.031868,45.031868,45.031868,45.031868,45.031868,45.031868,45.031868,0,0,0,0,0,0,0,0,0,0,0,0,0,0,0,0,0,0,0,0,10,10,10,10,10,10,10,10,10,10,10,10,10,10,10,10,10,10,10,10,0,0,0,0,0,0,0,0,0,0,0,0,0,0,0,0,0,0,0,0
68.245933,77.800175,71.228697,70.015414,70.450186,78.136878,78.863245,78.863245,78.863245,78.863245,78.863245,78.863245,78.863245,78.863245,78.863245,78.863245,78.863245,78.863245,78.863245,78.863245,97.236391,98.490952,94.128483,104.95272,98.993623,99.121031,98.170329,98.170329,98.170329,98.170329,98.170329,98.170329,98.170329,98.170329,98.170329,98.170329,98.170329,98.170329,98.170329,98.170329,0,0,0,0,0,0,0,0,0,0,0,0,0,0,0,0,0,0,0,0,10,10,10,10,10,10,10,10,10,10,10,10,10,10,10,10,10,10,10,10,0,0,0,0,0,0,0,0,0,0,0,0,0,0,0,0,0,0,0,0
18.013848,22.657047,22.657047,22.657047,22.657047,22.657047,22.657047,22.657047,22.657047,22.657047,22.657047,22.657047,22.657047,22.657047,22.657047,22.657047,22.657047,22.657047,22.657047,22.657047,12.912265,18.77626,18.77626,18.77626,18.77626,18.77626,18.77626,18.77626,18.77626,18.77626,18.77626,18.77626,18.77626,18.77626,18.77626,18.77626,18.77626,18.77626,18.77626,18.77626,0,0,0,0,0,0,0,0,0,0,0,0,0,0,0,0,0,0,0,0,10,10,10,10,10,10,10,10,10,10,10,10,10,10,10,10,10,10,10,10,0,0,0,0,0,0,0,0,0,0,0,0,0,0,0,0,0,0,0,0
7.227701,9.314975,2.05568,0.0,0.0,12.387014,4.732572,4.732572,4.732572,4.732572,4.732572,4.732572,4.732572,4.732572,4.732572,4.732572,4.732572,4.732572,4.732572,4.732572,85.949714,77.384526,69.282127,69.0,58.0,53.208393,56.892076,56.892076,56.892076,56.892076,56.892076,56.892076,56.892076,56.892076,56.892076,56.892076,56.892076,56.892076,56.892076,56.892076,0,0,0,0,0,0,0,0,0,0,0,0,0,0,0,0,0,0,0,0,10,10,10,10,10,10,10,10,10,10,10,10,10,10,10,10,10,10,10,10,0,0,0,0,0,0,0,0,0,0,0,0,0,0,0,0,0,0,0,0
11.13863,9.690184,17.0912,13.73969,20.70806,21.283218,24.162653,32.870587,37.684527,37.684527,37.684527,37.684527,37.684527,37.684527,37.684527,37.684527,37.684527,37.684527,37.684527,37.684527,94.240638,92.675965,87.194107,92.64863,91.219331,97.965728,94.54138,101.854945,105.178327,105.178327,105.178327,105.178327,105.178327,105.178327,105.178327,105.178327,105.178327,105.178327,105.178327,105.178327,0,0,0,0,0,0,0,0,0,0,0,0,0,0,0,0,0,0,0,0,10,10,10,10,10,10,10,10,10,10,10,10,10,10,10,10,10,10,10,10,0,0,0,0,0,0,0,0,0,0,0,0,0,0,0,0,0,0,0,0
32.232153,28.52251,32.701519,39.105267,39.044895,45.785467,49.953809,45.372218,53.359461,50.0,58.883253,47.184793,53.165153,46.148128,45.286666,42.484084,53.13193,52.009137,52.000043,51.255912,50.877308,50.093711,50.08798,62.636443,41.98364,47.264461,47.239705,46.570635,46.913619,55.799581,60.21723,46.037001,45.865704,60.682023,47.03552,69.285955,43.989466,43.080186,42.530043,25.004495,34.868061,40.811698,52.606414,39.88371,29.033817,40.116016,40.550689,39.958164,40.031034,40.271234,40.472943,40.167205,40.449367,62.079355,60.936754,53.040378,40.347725,40.729754,41.015906,41.158475,40.6053,41.592124,36.068639,41.065369,41.076276,38.695572,31.85618,24.815412,56.65054,40.413521,60.7802,52.549294,41.800405,29.214534,40.750288,40.321819,39.812978,48.672895,40.892204,40.814105,41.042363,40.506705,104.733227,104.265104,104.929588,100.218113,108.026335,107.003981,106.068083,101.045235,98.422419,127.0,108.952849,113.753433,105.311561,94.883569,101.44528,91.767385,93.064022,93.686973,93.836083,93.935248,93.939629,93.96465,94.834246,90.352866,91.048758,96.026436,96.865209,97.747283,97.938782,110.612121,114.952346,100.854344,101.580241,96.942824,92.514567,94.767305,106.780807,107.927411,108.685028,123.754786,120.188601,111.717329,105.00906,112.560374,114.82168,113.704998,113.706348,113.836617,113.742598,113.227448,113.875721,113.876674,114.0014,105.643207,125.404676,116.111332,113.499561,113.769945,113.984526,113.248942,113.435625,114.120554,105.950688,113.882641,113.370096,99.376403,94.87935,93.785911,87.637061,112.900606,87.817961,88.359032,87.793043,85.915557,114.283712,113.938967,114.07951,106.166969,114.071819,114.504616,115.042667,113.769264,0,0,0,0,0,0,0,0,0,0,0,0,0,0,0,0,0,0,0,0,0,0,0,0,0,0,0,0,0,0,0,0,0,0,0,0,0,0,0,0,0,0,0,0,0,0,0,0,0,0,0,0,0,0,0,0,0,0,0,0,0,0,0,0,0,0,0,0,0,0,0,0,0,0,0,0,0,0,0,0,0,0,10,10,10,10,10,10,10,10,10,10,10,10,10,10,10,10,10,10,10,10,10,10,10,10,10,10,10,10,10,10,10,10,10,10,10,10,10,10,10,10,10,10,10,10,10,10,10,10,10,10,10,10,10,10,10,10,10,10,10,10,10,10,10,10,10,10,10,10,10,10,10,10,10,10,10,10,10,10,10,10,10,10,0,0,0,0,0,0,0,0,0,0,0,0,0,0,0,0,0,0,0,0,0,0,0,0,0,0,0,0,0,0,0,0,0,0,0,0,0,0,0,0,0,0,0,0,0,0,0,0,0,0,0,0,0,0,0,0,0,0,0,0,0,0,0,0,0,0,0,0,0,0,0,0,0,0,0,0,0,0,0,0,0,0
30.0,24.198659,24.198659,24.198659,24.198659,24.198659,24.198659,24.198659,24.198659,24.198659,24.198659,24.198659,24.198659,24.198659,24.198659,24.198659,24.198659,24.198659,24.198659,24.198659,0.0,3.253348,3.253348,3.253348,3.253348,3.253348,3.253348,3.253348,3.253348,3.253348,3.253348,3.253348,3.253348,3.253348,3.253348,3.253348,3.253348,3.253348,3.253348,3.253348,0,0,0,0,0,0,0,0,0,0,0,0,0,0,0,0,0,0,0,0,10,10,10,10,10,10,10,10,10,10,10,10,10,10,10,10,10,10,10,10,0,0,0,0,0,0,0,0,0,0,0,0,0,0,0,0,0,0,0,0
111.251964,123.880641,127.0,127.0,127.0,127.0,127.0,127.0,127.0,127.0,127.0,127.0,127.0,127.0,127.0,127.0,127.0,127.0,127.0,127.0,100.711527,93.074094,103.0,103.0,103.0,103.0,103.0,103.0,103.0,103.0,103.0,103.0,103.0,103.0,103.0,103.0,103.0,103.0,103.0,103.0,0,0,0,0,0,0,0,0,0,0,0,0,0,0,0,0,0,0,0,0,10,10,10,10,10,10,10,10,10,10,10,10,10,10,10,10,10,10,10,10,0,0,0,0,0,0,0,0,0,0,0,0,0,0,0,0,0,0,0,0
40.765037,28.143816,28.143816,28.143816,28.143816,28.143816,28.143816,28.143816,28.143816,28.143816,28.143816,28.143816,28.143816,28.143816,28.143816,28.143816,28.143816,28.143816,28.143816,28.143816,45.149443,39.784637,39.784637,39.784637,39.784637,39.784637,39.784637,39.784637,39.784637,39.784637,39.784637,39.784637,39.784637,39.784637,39.784637,39.784637,39.784637,39.784637,39.784637,39.784637,0,0,0,0,0,0,0,0,0,0,0,0,0,0,0,0,0,0,0,0,10,10,10,10,10,10,10,10,10,10,10,10,10,10,10,10,10,10,10,10,0,0,0,0,0,0,0,0,0,0,0,0,0,0,0,0,0,0,0,0
95.538496,105.226744,113.10429,110.003763,105.189341,99.061617,95.846599,100.001403,100.001403,100.001403,100.001403,100.001403,100.001403,100.001403,100.001403,100.001403,100.001403,100.001403,100.001403,100.001403,102.580526,109.217152,106.814266,98.844506,103.219707,98.636524,89.657082,85.032368,85.032368,85.032368,85.032368,85.032368,85.032368,85.032368,85.032368,85.032368,85.032368,85.032368,85.032368,85.032368,0,0,0,0,0,0,0,0,0,0,0,0,0,0,0,0,0,0,0,0,10,10,10,10,10,10,10,10,10,10,10,10,10,10,10,10,10,10,10,10,0,0,0,0,0,0,0,0,0,0,0,0,0,0,0,0,0,0,0,0
34.481812,40.873629,40.873629,40.873629,40.873629,40.873629,40.873629,40.873629,40.873629,40.873629,40.873629,40.873629,40.873629,40.873629,40.873629,40.873629,40.873629,40.873629,40.873629,40.873629,31.783871,31.036849,31.036849,31.036849,31.036849,31.036849,31.036849,31.036849,31.036849,31.036849,31.036849,31.036849,31.036849,31.036849,31.036849,31.036849,31.036849,31.036849,31.036849,31.036849,0,0,0,0,0,0,0,0,0,0,0,0,0,0,0,0,0,0,0,0,10,10,10,10,10,10,10,10,10,10,10,10,10,10,10,10,10,10,10,10,0,0,0,0,0,0,0,0,0,0,0,0,0,0,0,0,0,0,0,0
30.876268,36.449998,42.198191,44.044203,47.852783,41.966788,40.030346,29.904615,27.780684,18.130782,21.17922,20.911445,20.977416,20.977416,20.977416,20.977416,20.977416,20.977416,20.977416,20.977416,68.445828,58.907315,54.078758,43.815713,52.204718,61.230114,57.967484,49.26351,55.867926,51.205819,57.839973,54.58645,53.286194,53.286194,53.286194,53.286194,53.286194,53.286194,53.286194,53.286194,0,0,0,0,0,0,0,0,0,0,0,0,0,0,0,0,0,0,0,0,10,10,10,10,10,10,10,10,10,10,10,10,10,10,10,10,10,10,10,10,0,0,0,0,0,0,0,0,0,0,0,0,0,0,0,0,0,0,0,0
33.355205,26.641606,25.81477,14.969154,13.448177,13.448177,13.448177,13.448177,13.448177,13.448177,13.448177,13.448177,13.448177,13.448177,13.448177,13.448177,13.448177,13.448177,13.448177,13.448177,77.952911,74.840562,84.341598,88.651726,80.843867,80.843867,80.843867,80.843867,80.843867,80.843867,80.843867,80.843867,80.843867,80.843867,80.843867,80.843867,80.843867,80.843867,80.843867,80.843867,0,0,0,0,0,0,0,0,0,0,0,0,0,0,0,0,0,0,0,0,10,10,10,10,10,10,10,10,10,10,10,10,10,10,10,10,10,10,10,10,0,0,0,0,0,0,0,0,0,0,0,0,0,0,0,0,0,0,0,0
88.375464,87.092172,79.590408,77.549709,74.868219,81.00968,85.601199,84.670384,82.841093,82.841093,82.841093,82.841093,82.841093,82.841093,82.841093,82.841093,82.841093,82.841093,82.841093,82.841093,64.174997,62.939386,65.105348,56.994041,56.953066,65.656281,70.74117,73.587399,70.581951,70.581951,70.581951,70.581951,70.581951,70.581951,70.581951,70.581951,70.581951,70.581951,70.581951,70.581951,0,0,0,0,0,0,0,0,0,0,0,0,0,0,0,0,0,0,0,0,10,10,10,10,10,10,10,10,10,10,10,10,10,10,10,10,10,10,10,10,0,0,0,0,0,0,0,0,0,0,0,0,0,0,0,0,0,0,0,0
81.904899,71.100753,64.022189,65.106689,70.327602,68.537442,70.901628,70.901628,70.901628,70.901628,70.901628,70.901628,70.901628,70.901628,70.901628,70.901628,70.901628,70.901628,70.901628,70.901628,121.315863,121.953619,117.756952,123.443221,115.853646,103.599551,94.135458,94.135458,94.135458,94.135458,94.135458,94.135458,94.135458,94.135458,94.135458,94.135458,94.135458,94.135458,94.135458,94.135458,0,0,0,0,0,0,0,0,0,0,0,0,0,0,0,0,0,0,0,0,10,10,10,10,10,10,10,10,10,10,10,10,10,10,10,10,10,10,10,10,0,0,0,0,0,0,0,0,0,0,0,0,0,0,0,0,0,0,0,0
66.949736,66.977604,64.906225,68.838766,78.423781,56.943432,54.845717,58.852148,58.852148,58.852148,58.852148,58.852148,58.852148,58.852148,58.852148,58.852148,58.852148,58.852148,58.852148,58.852148,52.200116,50.838352,46.784851,56.168307,45.986782,50.866139,50.043048,49.066353,49.066353,49.066353,49.066353,49.066353,49.066353,49.066353,49.066353,49.066353,49.066353,49.066353,49.066353,49.066353,0,0,0,0,0,0,0,0,0,0,0,0,0,0,0,0,0,0,0,0,10,10,10,10,10,10,10,10,10,10,10,10,10,10,10,10,10,10,10,10,0,0,0,0,0,0,0,0,0,0,0,0,0,0,0,0,0,0,0,0
118.770278,123.971029,118.049797,127.0,115.624878,115.624878,115.624878,115.624878,115.624878,115.624878,115.624878,115.624878,115.624878,115.624878,115.624878,115.624878,115.624878,115.624878,115.624878,115.624878,71.1846,64.526403,64.56001,53.0,62.473664,62.473664,62.473664,62.473664,62.473664,62.473664,62.473664,62.473664,62.473664,62.473664,62.473664,62.473664,62.473664,62.473664,62.473664,62.473664,0,0,0,0,0,0,0,0,0,0,0,0,0,0,0,0,0,0,0,0,10,10,10,10,10,10,10,10,10,10,10,10,10,10,10,10,10,10,10,10,0,0,0,0,0,0,0,0,0,0,0,0,0,0,0,0,0,0,0,0
0.0,2.022489,5.015135,5.65545,6.309911,5.95581,17.915507,6.204873,3.08975,3.08975,3.08975,3.08975,3.08975,3.08975,3.08975,3.08975,3.08975,3.08975,3.08975,3.08975,18.0,24.626482,22.141544,16.854997,32.982819,29.770035,30.229721,35.015713,25.272286,25.272286,25.272286,25.272286,25.272286,25.272286,25.272286,25.272286,25.272286,25.272286,25.272286,25.272286,0,0,0,0,0,0,0,0,0,0,0,0,0,0,0,0,0,0,0,0,10,10,10,10,10,10,10,10,10,10,10,10,10,10,10,10,10,10,10,10,0,0,0,0,0,0,0,0,0,0,0,0,0,0,0,0,0,0,0,0
4.696448,15.791138,21.008033,21.008033,21.008033,21.008033,21.008033,21.008033,21.008033,21.008033,21.008033,21.008033,21.008033,21.008033,21.008033,21.008033,21.008033,21.008033,21.008033,21.008033,57.232653,56.267646,43.675594,43.675594,43.675594,43.675594,43.675594,43.675594,43.675594,43.675594,43.675594,43.675594,43.675594,43.675594,43.675594,43.675594,43.675594,43.675594,43.675594,43.675594,0,0,0,0,0,0,0,0,0,0,0,0,0,0,0,0,0,0,0,0,10,10,10,10,10,10,10,10,10,10,10,10,10,10,10,10,10,10,10,10,0,0,0,0,0,0,0,0,0,0,0,0,0,0,0,0,0,0,0,0
103.264601,97.700753,91.15967,91.15967,91.15967,91.15967,91.15967,91.15967,91.15967,91.15967,91.15967,91.15967,91.15967,91.15967,91.15967,91.15967,91.15967,91.15967,91.15967,91.15967,106.054528,107.501319,101.88822,101.88822,101.88822,101.88822,101.88822,101.88822,101.88822,101.88822,101.88822,101.88822,101.88822,101.88822,101.88822,101.88822,101.88822,101.88822,101.88822,101.88822,0,0,0,0,0,0,0,0,0,0,0,0,0,0,0,0,0,0,0,0,10,10,10,10,10,10,10,10,10,10,10,10,10,10,10,10,10,10,10,10,0,0,0,0,0,0,0,0,0,0,0,0,0,0,0,0,0,0,0,0
127.0,122.09372,123.942805,120.093992,115.914559,101.72626,101.72626,101.72626,101.72626,101.72626,101.72626,101.72626,101.72626,101.72626,101.72626,101.72626,101.72626,101.72626,101.72626,101.72626,103.0,92.899656,102.055809,95.157697,95.795231,78.452737,78.452737,78.452737,78.452737,78.452737,78.452737,78.452737,78.452737,78.452737,78.452737,78.452737,78.452737,78.452737,78.452737,78.452737,0,0,0,0,0,0,0,0,0,0,0,0,0,0,0,0,0,0,0,0,10,10,10,10,10,10,10,10,10,10,10,10,10,10,10,10,10,10,10,10,0,0,0,0,0,0,0,0,0,0,0,0,0,0,0,0,0,0,0,0
0.0,0.0,4.452174,4.452174,4.452174,4.452174,4.452174,4.452174,4.452174,4.452174,4.452174,4.452174,4.452174,4.452174,4.452174,4.452174,4.452174,4.452174,4.452174,4.452174,101.0,96.0,93.009678,93.009678,93.009678,93.009678,93.009678,93.009678,93.009678,93.009678,93.009678,93.009678,93.009678,93.009678,93.009678,93.009678,93.009678,93.009678,93.009678,93.009678,0,0,0,0,0,0,0,0,0,0,0,0,0,0,0,0,0,0,0,0,10,10,10,10,10,10,10,10,10,10,10,10,10,10,10,10,10,10,10,10,0,0,0,0,0,0,0,0,0,0,0,0,0,0,0,0,0,0,0,0
127.0,124.242619,124.242619,124.242619,124.242619,124.242619,124.242619,124.242619,124.242619,124.242619,124.242619,124.242619,124.242619,124.242619,124.242619,124.242619,124.242619,124.242619,124.242619,124.242619,89.0,87.459842,87.459842,87.459842,87.459842,87.459842,87.459842,87.459842,87.459842,87.459842,87.459842,87.459842,87.459842,87.459842,87.459842,87.459842,87.459842,87.459842,87.459842,87.459842,0,0,0,0,0,0,0,0,0,0,0,0,0,0,0,0,0,0,0,0,10,10,10,10,10,10,10,10,10,10,10,10,10,10,10,10,10,10,10,10,0,0,0,0,0,0,0,0,0,0,0,0,0,0,0,0,0,0,0,0
90.189033,87.870179,86.19302,80.929485,93.713205,93.713205,93.713205,93.713205,93.713205,93.713205,93.713205,93.713205,93.713205,93.713205,93.713205,93.713205,93.713205,93.713205,93.713205,93.713205,98.119059,106.965111,112.057705,112.165318,110.024486,110.024486,110.024486,110.024486,110.024486,110.024486,110.024486,110.024486,110.024486,110.024486,110.024486,110.024486,110.024486,110.024486,110.024486,110.024486,0,0,0,0,0,0,0,0,0,0,0,0,0,0,0,0,0,0,0,0,10,10,10,10,10,10,10,10,10,10,10,10,10,10,10,10,10,10,10,10,0,0,0,0,0,0,0,0,0,0,0,0,0,0,0,0,0,0,0,0
112.855255,120.525292,127.0,127.0,127.0,127.0,127.0,127.0,127.0,127.0,127.0,127.0,127.0,127.0,127.0,127.0,127.0,127.0,127.0,127.0,25.810768,21.454494,26.0,26.0,26.0,26.0,26.0,26.0,26.0,26.0,26.0,26.0,26.0,26.0,26.0,26.0,26.0,26.0,26.0,26.0,0,0,0,0,0,0,0,0,0,0,0,0,0,0,0,0,0,0,0,0,10,10,10,10,10,10,10,10,10,10,10,10,10,10,10,10,10,10,10,10,0,0,0,0,0,0,0,0,0,0,0,0,0,0,0,0,0,0,0,0
92.932147,106.143547,104.855893,104.855893,104.855893,104.855893,104.855893,104.855893,104.855893,104.855893,104.855893,104.855893,104.855893,104.855893,104.855893,104.855893,104.855893,104.855893,104.855893,104.855893,87.917799,81.84151,81.8941,81.8941,81.8941,81.8941,81.8941,81.8941,81.8941,81.8941,81.8941,81.8941,81.8941,81.8941,81.8941,81.8941,81.8941,81.8941,81.8941,81.8941,0,0,0,0,0,0,0,0,0,0,0,0,0,0,0,0,0,0,0,0,10,10,10,10,10,10,10,10,10,10,10,10,10,10,10,10,10,10,10,10,0,0,0,0,0,0,0,0,0,0,0,0,0,0,0,0,0,0,0,0
20.0,32.693944,32.693944,32.693944,32.693944,32.693944,32.693944,32.693944,32.693944,32.693944,32.693944,32.693944,32.693944,32.693944,32.693944,32.693944,32.693944,32.693944,32.693944,32.693944,127.0,123.890294,123.890294,123.890294,123.890294,123.890294,123.890294,123.890294,123.890294,123.890294,123.890294,123.890294,123.890294,123.890294,123.890294,123.890294,123.890294,123.890294,123.890294,123.890294,0,0,0,0,0,0,0,0,0,0,0,0,0,0,0,0,0,0,0,0,10,10,10,10,10,10,10,10,10,10,10,10,10,10,10,10,10,10,10,10,0,0,0,0,0,0,0,0,0,0,0,0,0,0,0,0,0,0,0,0
13.0,10.212841,13.071316,17.26078,17.26078,17.26078,17.26078,17.26078,17.26078,17.26078,17.26078,17.26078,17.26078,17.26078,17.26078,17.26078,17.26078,17.26078,17.26078,17.26078,127.0,120.056125,124.264445,122.848291,122.848291,122.848291,122.848291,122.848291,122.848291,122.848291,122.848291,122.848291,122.848291,122.848291,122.848291,122.848291,122.848291,122.848291,122.848291,122.848291,0,0,0,0,0,0,0,0,0,0,0,0,0,0,0,0,0,0,0,0,10,10,10,10,10,10,10,10,10,10,10,10,10,10,10,10,10,10,10,10,0,0,0,0,0,0,0,0,0,0,0,0,0,0,0,0,0,0,0,0
80.960368,84.776883,84.776883,84.776883,84.776883,84.776883,84.776883,84.776883,84.776883,84.776883,84.776883,84.776883,84.776883,84.776883,84.776883,84.776883,84.776883,84.776883,84.776883,84.776883,40.978777,42.606527,42.606527,42.606527,42.606527,42.606527,42.606527,42.606527,42.606527,42.606527,42.606527,42.606527,42.606527,42.606527,42.606527,42.606527,42.606527,42.606527,42.606527,42.606527,0,0,0,0,0,0,0,0,0,0,0,0,0,0,0,0,0,0,0,0,10,10,10,10,10,10,10,10,10,10,10,10,10,10,10,10,10,10,10,10,0,0,0,0,0,0,0,0,0,0,0,0,0,0,0,0,0,0,0,0
16.795239,12.405018,22.156348,24.335015,27.800283,27.800283,27.800283,27.800283,27.800283,27.800283,27.800283,27.800283,27.800283,27.800283,27.800283,27.800283,27.800283,27.800283,27.800283,27.800283,101.8929,103.814393,112.113864,112.314844,120.078401,120.078401,120.078401,120.078401,120.078401,120.078401,120.078401,120.078401,120.078401,120.078401,120.078401,120.078401,120.078401,120.078401,120.078401,120.078401,0,0,0,0,0,0,0,0,0,0,0,0,0,0,0,0,0,0,0,0,10,10,10,10,10,10,10,10,10,10,10,10,10,10,10,10,10,10,10,10,0,0,0,0,0,0,0,0,0,0,0,0,0,0,0,0,0,0,0,0
28.80079,23.603333,24.643393,15.661274,15.230765,15.028589,15.028589,15.028589,15.028589,15.028589,15.028589,15.028589,15.028589,15.028589,15.028589,15.028589,15.028589,15.028589,15.028589,15.028589,59.970621,57.004192,57.1485,54.83366,61.972881,57.248441,57.248441,57.248441,57.248441,57.248441,57.248441,57.248441,57.248441,57.248441,57.248441,57.248441,57.248441,57.248441,57.248441,57.248441,0,0,0,0,0,0,0,0,0,0,0,0,0,0,0,0,0,0,0,0,10,10,10,10,10,10,10,10,10,10,10,10,10,10,10,10,10,10,10,10,0,0,0,0,0,0,0,0,0,0,0,0,0,0,0,0,0,0,0,0
59.429482,70.956913,70.956913,70.956913,70.956913,70.956913,70.956913,70.956913,70.956913,70.956913,70.956913,70.956913,70.956913,70.956913,70.956913,70.956913,70.956913,70.956913,70.956913,70.956913,100.810259,104.975726,104.975726,104.975726,104.975726,104.975726,104.975726,104.975726,104.975726,104.975726,104.975726,104.975726,104.975726,104.975726,104.975726,104.975726,104.975726,104.975726,104.975726,104.975726,0,0,0,0,0,0,0,0,0,0,0,0,0,0,0,0,0,0,0,0,10,10,10,10,10,10,10,10,10,10,10,10,10,10,10,10,10,10,10,10,0,0,0,0,0,0,0,0,0,0,0,0,0,0,0,0,0,0,0,0
25.02812,26.106227,29.789966,29.789966,29.789966,29.789966,29.789966,29.789966,29.789966,29.789966,29.789966,29.789966,29.789966,29.789966,29.789966,29.789966,29.789966,29.789966,29.789966,29.789966,39.424531,44.939975,38.184093,38.184093,38.184093,38.184093,38.184093,38.184093,38.184093,38.184093,38.184093,38.184093,38.184093,38.184093,38.184093,38.184093,38.184093,38.184093,38.184093,38.184093,0,0,0,0,0,0,0,0,0,0,0,0,0,0,0,0,0,0,0,0,10,10,10,10,10,10,10,10,10,10,10,10,10,10,10,10,10,10,10,10,0,0,0,0,0,0,0,0,0,0,0,0,0,0,0,0,0,0,0,0
47.0,42.964626,42.964626,42.964626,42.964626,42.964626,42.964626,42.964626,42.964626,42.964626,42.964626,42.964626,42.964626,42.964626,42.964626,42.964626,42.964626,42.964626,42.964626,42.964626,4.0,12.703267,12.703267,12.703267,12.703267,12.703267,12.703267,12.703267,12.703267,12.703267,12.703267,12.703267,12.703267,12.703267,12.703267,12.703267,12.703267,12.703267,12.703267,12.703267,0,0,0,0,0,0,0,0,0,0,0,0,0,0,0,0,0,0,0,0,10,10,10,10,10,10,10,10,10,10,10,10,10,10,10,10,10,10,10,10,0,0,0,0,0,0,0,0,0,0,0,0,0,0,0,0,0,0,0,0
37.733571,37.263682,29.980973,33.172067,33.172067,33.172067,33.172067,33.172067,33.172067,33.172067,33.172067,33.172067,33.172067,33.172067,33.172067,33.172067,33.172067,33.172067,33.172067,33.172067,25.331323,16.069183,23.080041,29.003449,29.003449,29.003449,29.003449,29.003449,29.003449,29.003449,29.003449,29.003449,29.003449,29.003449,29.003449,29.003449,29.003449,29.003449,29.003449,29.003449,0,0,0,0,0,0,0,0,0,0,0,0,0,0,0,0,0,0,0,0,10,10,10,10,10,10,10,10,10,10,10,10,10,10,10,10,10,10,10,10,0,0,0,0,0,0,0,0,0,0,0,0,0,0,0,0,0,0,0,0
34.0,36.0,43.446164,43.67281,43.561522,34.417214,24.744878,17.895959,21.090087,21.341971,20.300595,14.163357,5.901139,5.552489,0.0,0.0,0.0,0.0,0.0,0.0,0.0,0.0,2.97013,16.934191,13.110606,15.240144,26.114579,23.194188,34.481473,37.171168,42.216678,30.391131,34.454201,38.900755,42.0,42.0,42.0,42.0,42.0,42.0,0,0,0,0,0,0,0,0,0,0,0,0,0,0,0,0,0,0,0,0,10,10,10,10,10,10,10,10,10,10,10,10,10,10,10,10,10,10,10,10,0,0,0,0,0,0,0,0,0,0,0,0,0,0,0,0,0,0,0,0
49.0,57.0,57.0,57.0,57.0,57.0,57.0,57.0,57.0,57.0,57.0,57.0,57.0,57.0,57.0,57.0,57.0,57.0,57.0,57.0,0.0,0.0,0.0,0.0,0.0,0.0,0.0,0.0,0.0,0.0,0.0,0.0,0.0,0.0,0.0,0.0,0.0,0.0,0.0,0.0,0,0,0,0,0,0,0,0,0,0,0,0,0,0,0,0,0,0,0,0,10,10,10,10,10,10,10,10,10,10,10,10,10,10,10,10,10,10,10,10,0,0,0,0,0,0,0,0,0,0,0,0,0,0,0,0,0,0,0,0
67.394515,71.694732,67.004145,57.363036,56.603515,53.561955,58.976351,50.000672,51.028329,50.361634,53.754803,53.29143,58.059266,58.059266,58.059266,58.059266,58.059266,58.059266,58.059266,58.059266,32.199436,29.105677,27.863636,40.884373,41.090705,28.266055,32.676114,27.258187,27.676503,37.913917,43.014983,34.816421,39.256924,39.256924,39.256924,39.256924,39.256924,39.256924,39.256924,39.256924,0,0,0,0,0,0,0,0,0,0,0,0,0,0,0,0,0,0,0,0,10,10,10,10,10,10,10,10,10,10,10,10,10,10,10,10,10,10,10,10,0,0,0,0,0,0,0,0,0,0,0,0,0,0,0,0,0,0,0,0
8.159141,7.698734,7.698734,7.698734,7.698734,7.698734,7.698734,7.698734,7.698734,7.698734,7.698734,7.698734,7.698734,7.698734,7.698734,7.698734,7.698734,7.698734,7.698734,7.698734,75.436794,77.993162,77.993162,77.993162,77.993162,77.993162,77.993162,77.993162,77.993162,77.993162,77.993162,77.993162,77.993162,77.993162,77.993162,77.993162,77.993162,77.993162,77.993162,77.993162,0,0,0,0,0,0,0,0,0,0,0,0,0,0,0,0,0,0,0,0,10,10,10,10,10,10,10,10,10,10,10,10,10,10,10,10,10,10,10,10,0,0,0,0,0,0,0,0,0,0,0,0,0,0,0,0,0,0,0,0
55.858562,54.962203,56.200405,51.0,62.885683,62.885683,62.885683,62.885683,62.885683,62.885683,62.885683,62.885683,62.885683,62.885683,62.885683,62.885683,62.885683,62.885683,62.885683,62.885683,9.128868,7.641583,5.114151,0.0,7.954959,7.954959,7.954959,7.954959,7.954959,7.954959,7.954959,7.954959,7.954959,7.954959,7.954959,7.954959,7.954959,7.954959,7.954959,7.954959,0,0,0,0,0,0,0,0,0,0,0,0,0,0,0,0,0,0,0,0,10,10,10,10,10,10,10,10,10,10,10,10,10,10,10,10,10,10,10,10,0,0,0,0,0,0,0,0,0,0,0,0,0,0,0,0,0,0,0,0
4.829816,8.484555,10.37665,14.936265,14.936265,14.936265,14.936265,14.936265,14.936265,14.936265,14.936265,14.936265,14.936265,14.936265,14.936265,14.936265,14.936265,14.936265,14.936265,14.936265,115.285213,109.30939,119.147862,113.484008,113.484008,113.484008,113.484008,113.484008,113.484008,113.484008,113.484008,113.484008,113.484008,113.484008,113.484008,113.484008,113.484008,113.484008,113.484008,113.484008,0,0,0,0,0,0,0,0,0,0,0,0,0,0,0,0,0,0,0,0,10,10,10,10,10,10,10,10,10,10,10,10,10,10,10,10,10,10,10,10,0,0,0,0,0,0,0,0,0,0,0,0,0,0,0,0,0,0,0,0
49.212896,51.921778,49.763644,64.820136,64.820136,64.820136,64.820136,64.820136,64.820136,64.820136,64.820136,64.820136,64.820136,64.820136,64.820136,64.820136,64.820136,64.820136,64.820136,64.820136,72.695267,81.222986,76.76319,83.054914,83.054914,83.054914,83.054914,83.054914,83.054914,83.054914,83.054914,83.054914,83.054914,83.054914,83.054914,83.054914,83.054914,83.054914,83.054914,83.054914,0,0,0,0,0,0,0,0,0,0,0,0,0,0,0,0,0,0,0,0,10,10,10,10,10,10,10,10,10,10,10,10,10,10,10,10,10,10,10,10,0,0,0,0,0,0,0,0,0,0,0,0,0,0,0,0,0,0,0,0
33.013618,21.646858,21.646858,21.646858,21.646858,21.646858,21.646858,21.646858,21.646858,21.646858,21.646858,21.646858,21.646858,21.646858,21.646858,21.646858,21.646858,21.646858,21.646858,21.646858,36.15241,32.890038,32.890038,32.890038,32.890038,32.890038,32.890038,32.890038,32.890038,32.890038,32.890038,32.890038,32.890038,32.890038,32.890038,32.890038,32.890038,32.890038,32.890038,32.890038,0,0,0,0,0,0,0,0,0,0,0,0,0,0,0,0,0,0,0,0,10,10,10,10,10,10,10,10,10,10,10,10,10,10,10,10,10,10,10,10,0,0,0,0,0,0,0,0,0,0,0,0,0,0,0,0,0,0,0,0
30.715741,34.07917,34.07917,34.07917,34.07917,34.07917,34.07917,34.07917,34.07917,34.07917,34.07917,34.07917,34.07917,34.07917,34.07917,34.07917,34.07917,34.07917,34.07917,34.07917,13.644828,12.224903,12.224903,12.224903,12.224903,12.224903,12.224903,12.224903,12.224903,12.224903,12.224903,12.224903,12.224903,12.224903,12.224903,12.224903,12.224903,12.224903,12.224903,12.224903,0,0,0,0,0,0,0,0,0,0,0,0,0,0,0,0,0,0,0,0,10,10,10,10,10,10,10,10,10,10,10,10,10,10,10,10,10,10,10,10,0,0,0,0,0,0,0,0,0,0,0,0,0,0,0,0,0,0,0,0
70.08199,64.695494,69.13344,69.13344,69.13344,69.13344,69.13344,69.13344,69.13344,69.13344,69.13344,69.13344,69.13344,69.13344,69.13344,69.13344,69.13344,69.13344,69.13344,69.13344,77.813458,73.627994,73.840104,73.840104,73.840104,73.840104,73.840104,73.840104,73.840104,73.840104,73.840104,73.840104,73.840104,73.840104,73.840104,73.840104,73.840104,73.840104,73.840104,73.840104,0,0,0,0,0,0,0,0,0,0,0,0,0,0,0,0,0,0,0,0,10,10,10,10,10,10,10,10,10,10,10,10,10,10,10,10,10,10,10,10,0,0,0,0,0,0,0,0,0,0,0,0,0,0,0,0,0,0,0,0
91.0,100.0,100.0,100.0,100.0,100.0,100.0,100.0,100.0,100.0,100.0,100.0,100.0,100.0,100.0,100.0,100.0,100.0,100.0,100.0,127.0,127.0,127.0,127.0,127.0,127.0,127.0,127.0,127.0,127.0,127.0,127.0,127.0,127.0,127.0,127.0,127.0,127.0,127.0,127.0,0,0,0,0,0,0,0,0,0,0,0,0,0,0,0,0,0,0,0,0,10,10,10,10,10,10,10,10,10,10,10,10,10,10,10,10,10,10,10,10,0,0,0,0,0,0,0,0,0,0,0,0,0,0,0,0,0,0,0,0
124.616913,127.0,127.0,127.0,127.0,127.0,127.0,127.0,127.0,127.0,127.0,127.0,127.0,127.0,127.0,127.0,127.0,127.0,127.0,127.0,109.254869,107.0,107.0,107.0,107.0,107.0,107.0,107.0,107.0,107.0,107.0,107.0,107.0,107.0,107.0,107.0,107.0,107.0,107.0,107.0,0,0,0,0,0,0,0,0,0,0,0,0,0,0,0,0,0,0,0,0,10,10,10,10,10,10,10,10,10,10,10,10,10,10,10,10,10,10,10,10,0,0,0,0,0,0,0,0,0,0,0,0,0,0,0,0,0,0,0,0
114.031492,127.0,115.580199,112.821484,115.322773,121.654576,115.771872,119.27649,113.129317,103.494961,103.494961,103.494961,103.494961,103.494961,103.494961,103.494961,103.494961,103.494961,103.494961,103.494961,17.579445,23.0,14.75983,14.760104,25.098857,34.845919,34.801487,36.468884,33.760252,30.204867,30.204867,30.204867,30.204867,30.204867,30.204867,30.204867,30.204867,30.204867,30.204867,30.204867,0,0,0,0,0,0,0,0,0,0,0,0,0,0,0,0,0,0,0,0,10,10,10,10,10,10,10,10,10,10,10,10,10,10,10,10,10,10,10,10,0,0,0,0,0,0,0,0,0,0,0,0,0,0,0,0,0,0,0,0
120.511424,114.685706,114.685706,114.685706,114.685706,114.685706,114.685706,114.685706,114.685706,114.685706,114.685706,114.685706,114.685706,114.685706,114.685706,114.685706,114.685706,114.685706,114.685706,114.685706,31.99867,43.75637,43.75637,43.75637,43.75637,43.75637,43.75637,43.75637,43.75637,43.75637,43.75637,43.75637,43.75637,43.75637,43.75637,43.75637,43.75637,43.75637,43.75637,43.75637,0,0,0,0,0,0,0,0,0,0,0,0,0,0,0,0,0,0,0,0,10,10,10,10,10,10,10,10,10,10,10,10,10,10,10,10,10,10,10,10,0,0,0,0,0,0,0,0,0,0,0,0,0,0,0,0,0,0,0,0
73.200628,82.511376,73.702276,80.028583,80.028583,80.028583,80.028583,80.028583,80.028583,80.028583,80.028583,80.028583,80.028583,80.028583,80.028583,80.028583,80.028583,80.028583,80.028583,80.028583,43.058987,39.770177,50.985055,57.781954,57.781954,57.781954,57.781954,57.781954,57.781954,57.781954,57.781954,57.781954,57.781954,57.781954,57.781954,57.781954,57.781954,57.781954,57.781954,57.781954,0,0,0,0,0,0,0,0,0,0,0,0,0,0,0,0,0,0,0,0,10,10,10,10,10,10,10,10,10,10,10,10,10,10,10,10,10,10,10,10,0,0,0,0,0,0,0,0,0,0,0,0,0,0,0,0,0,0,0,0
64.712283,62.003487,66.121615,66.121615,66.121615,66.121615,66.121615,66.121615,66.121615,66.121615,66.121615,66.121615,66.121615,66.121615,66.121615,66.121615,66.121615,66.121615,66.121615,66.121615,114.997558,112.701557,124.773184,124.773184,124.773184,124.773184,124.773184,124.773184,124.773184,124.773184,124.773184,124.773184,124.773184,124.773184,124.773184,124.773184,124.773184,124.773184,124.773184,124.773184,0,0,0,0,0,0,0,0,0,0,0,0,0,0,0,0,0,0,0,0,10,10,10,10,10,10,10,10,10,10,10,10,10,10,10,10,10,10,10,10,0,0,0,0,0,0,0,0,0,0,0,0,0,0,0,0,0,0,0,0
127.0,127.0,127.0,127.0,127.0,127.0,127.0,127.0,127.0,127.0,127.0,127.0,127.0,127.0,127.0,127.0,127.0,127.0,127.0,127.0,90.0,83.0,83.0,83.0,83.0,83.0,83.0,83.0,83.0,83.0,83.0,83.0,83.0,83.0,83.0,83.0,83.0,83.0,83.0,83.0,0,0,0,0,0,0,0,0,0,0,0,0,0,0,0,0,0,0,0,0,10,10,10,10,10,10,10,10,10,10,10,10,10,10,10,10,10,10,10,10,0,0,0,0,0,0,0,0,0,0,0,0,0,0,0,0,0,0,0,0
61.062214,70.275875,72.208672,72.208672,72.208672,72.208672,72.208672,72.208672,72.208672,72.208672,72.208672,72.208672,72.208672,72.208672,72.208672,72.208672,72.208672,72.208672,72.208672,72.208672,66.912087,72.819498,78.123659,78.123659,78.123659,78.123659,78.123659,78.123659,78.123659,78.123659,78.123659,78.123659,78.123659,78.123659,78.123659,78.123659,78.123659,78.123659,78.123659,78.123659,0,0,0,0,0,0,0,0,0,0,0,0,0,0,0,0,0,0,0,0,10,10,10,10,10,10,10,10,10,10,10,10,10,10,10,10,10,10,10,10,0,0,0,0,0,0,0,0,0,0,0,0,0,0,0,0,0,0,0,0
43.712835,50.0,37.164773,28.302884,34.0,40.984902,39.173277,44.955878,50.637757,51.931603,62.673792,65.679163,67.100968,67.100968,67.100968,67.100968,67.100968,67.100968,67.100968,67.100968,3.305707,0.0,3.270548,7.100923,0.0,2.900817,6.900204,2.366289,5.776936,11.114296,6.984552,6.396142,5.196047,5.196047,5.196047,5.196047,5.196047,5.196047,5.196047,5.196047,0,0,0,0,0,0,0,0,0,0,0,0,0,0,0,0,0,0,0,0,10,10,10,10,10,10,10,10,10,10,10,10,10,10,10,10,10,10,10,10,0,0,0,0,0,0,0,0,0,0,0,0,0,0,0,0,0,0,0,0
114.069378,118.674214,122.170401,124.050235,119.9641,127.0,127.0,127.0,127.0,127.0,127.0,127.0,127.0,127.0,127.0,127.0,127.0,127.0,127.0,127.0,83.91004,88.629893,89.211959,86.79315,87.050139,84.0,84.0,84.0,84.0,84.0,84.0,84.0,84.0,84.0,84.0,84.0,84.0,84.0,84.0,84.0,0,0,0,0,0,0,0,0,0,0,0,0,0,0,0,0,0,0,0,0,10,10,10,10,10,10,10,10,10,10,10,10,10,10,10,10,10,10,10,10,0,0,0,0,0,0,0,0,0,0,0,0,0,0,0,0,0,0,0,0
41.837138,40.808495,45.840256,45.840256,45.840256,45.840256,45.840256,45.840256,45.840256,45.840256,45.840256,45.840256,45.840256,45.840256,45.840256,45.840256,45.840256,45.840256,45.840256,45.840256,53.094731,58.022731,56.193232,56.193232,56.193232,56.193232,56.193232,56.193232,56.193232,56.193232,56.193232,56.193232,56.193232,56.193232,56.193232,56.193232,56.193232,56.193232,56.193232,56.193232,0,0,0,0,0,0,0,0,0,0,0,0,0,0,0,0,0,0,0,0,10,10,10,10,10,10,10,10,10,10,10,10,10,10,10,10,10,10,10,10,0,0,0,0,0,0,0,0,0,0,0,0,0,0,0,0,0,0,0,0
7.832378,16.030709,8.552215,11.154454,20.824868,30.994292,28.212526,31.161148,33.578453,28.286054,37.617094,36.158729,34.209973,35.954655,40.763327,48.662764,48.662764,48.662764,48.662764,48.662764,110.695824,99.815375,90.749003,86.257915,90.4075,93.921085,102.781716,100.006035,92.392926,82.539532,92.634159,84.694658,72.549758,74.658748,66.188121,60.641334,60.641334,60.641334,60.641334,60.641334,0,0,0,0,0,0,0,0,0,0,0,0,0,0,0,0,0,0,0,0,10,10,10,10,10,10,10,10,10,10,10,10,10,10,10,10,10,10,10,10,0,0,0,0,0,0,0,0,0,0,0,0,0,0,0,0,0,0,0,0
77.165694,73.835485,74.101134,68.003652,68.003652,68.003652,68.003652,68.003652,68.003652,68.003652,68.003652,68.003652,68.003652,68.003652,68.003652,68.003652,68.003652,68.003652,68.003652,68.003652,106.555799,107.86442,118.046405,115.914566,115.914566,115.914566,115.914566,115.914566,115.914566,115.914566,115.914566,115.914566,115.914566,115.914566,115.914566,115.914566,115.914566,115.914566,115.914566,115.914566,0,0,0,0,0,0,0,0,0,0,0,0,0,0,0,0,0,0,0,0,10,10,10,10,10,10,10,10,10,10,10,10,10,10,10,10,10,10,10,10,0,0,0,0,0,0,0,0,0,0,0,0,0,0,0,0,0,0,0,0
11.534979,17.793461,11.119693,9.020255,9.020255,9.020255,9.020255,9.020255,9.020255,9.020255,9.020255,9.020255,9.020255,9.020255,9.020255,9.020255,9.020255,9.020255,9.020255,9.020255,6.401587,9.510136,5.688303,14.712614,14.712614,14.712614,14.712614,14.712614,14.712614,14.712614,14.712614,14.712614,14.712614,14.712614,14.712614,14.712614,14.712614,14.712614,14.712614,14.712614,0,0,0,0,0,0,0,0,0,0,0,0,0,0,0,0,0,0,0,0,10,10,10,10,10,10,10,10,10,10,10,10,10,10,10,10,10,10,10,10,0,0,0,0,0,0,0,0,0,0,0,0,0,0,0,0,0,0,0,0
78.299779,83.342325,71.837106,84.47073,92.060571,87.011091,84.204078,97.690056,100.726802,100.540573,100.799325,110.014598,100.845589,122.793894,110.281194,100.45664,100.225192,100.530655,102.404927,112.525832,100.000804,99.952048,100.121743,99.074687,99.712259,88.125743,77.911221,83.605675,100.066704,82.523432,99.997344,100.111221,99.792457,86.001502,88.010748,84.729325,84.653221,99.436165,99.747016,99.749964,99.691918,99.759161,100.199652,100.122054,112.093486,99.976612,99.904928,121.964804,107.095967,110.175947,42.448253,51.498192,51.363883,47.957234,46.877738,43.686483,48.929471,44.003451,50.307311,50.686209,50.684457,45.962132,50.559824,47.043075,51.331883,50.514432,50.781587,51.116995,59.82368,60.382131,51.007026,50.36051,50.057394,50.544932,50.15385,46.051295,51.063913,57.025029,49.796554,50.043987,50.104,49.930585,50.567842,52.639217,46.10041,42.828297,53.102996,50.197295,49.875326,49.992541,50.242829,50.354684,49.92544,50.39745,53.815055,50.718869,50.836594,60.33,56.186223,61.310531,0,0,0,0,0,0,0,0,0,0,0,0,0,0,0,0,0,0,0,0,0,0,0,0,0,0,0,0,0,0,0,0,0,0,0,0,0,0,0,0,0,0,0,0,0,0,0,0,0,0,10,10,10,10,10,10,10,10,10,10,10,10,10,10,10,10,10,10,10,10,10,10,10,10,10,10,10,10,10,10,10,10,10,10,10,10,10,10,10,10,10,10,10,10,10,10,10,10,10,10,0,0,0,0,0,0,0,0,0,0,0,0,0,0,0,0,0,0,0,0,0,0,0,0,0,0,0,0,0,0,0,0,0,0,0,0,0,0,0,0,0,0,0,0,0,0,0,0,0,0
24.056473,28.486255,28.486255,28.486255,28.486255,28.486255,28.486255,28.486255,28.486255,28.486255,28.486255,28.486255,28.486255,28.486255,28.486255,28.486255,28.486255,28.486255,28.486255,28.486255,71.995684,59.941732,59.941732,59.941732,59.941732,59.941732,59.941732,59.941732,59.941732,59.941732,59.941732,59.941732,59.941732,59.941732,59.941732,59.941732,59.941732,59.941732,59.941732,59.941732,0,0,0,0,0,0,0,0,0,0,0,0,0,0,0,0,0,0,0,0,10,10,10,10,10,10,10,10,10,10,10,10,10,10,10,10,10,10,10,10,0,0,0,0,0,0,0,0,0,0,0,0,0,0,0,0,0,0,0,0
75.968606,80.862608,76.561986,69.81364,72.297681,73.930602,78.019764,77.716435,77.696994,77.696994,77.696994,77.696994,77.696994,77.696994,77.696994,77.696994,77.696994,77.696994,77.696994,77.696994,92.885555,90.346969,86.010425,85.031694,82.748012,81.259959,75.890533,81.067355,85.04622,85.04622,85.04622,85.04622,85.04622,85.04622,85.04622,85.04622,85.04622,85.04622,85.04622,85.04622,0,0,0,0,0,0,0,0,0,0,0,0,0,0,0,0,0,0,0,0,10,10,10,10,10,10,10,10,10,10,10,10,10,10,10,10,10,10,10,10,0,0,0,0,0,0,0,0,0,0,0,0,0,0,0,0,0,0,0,0
90.0,97.769406,85.616098,107.507077,94.745749,103.088698,103.088698,103.088698,103.088698,103.088698,103.088698,103.088698,103.088698,103.088698,103.088698,103.088698,103.088698,103.088698,103.088698,103.088698,92.0,89.065021,88.123262,80.750186,78.68069,75.971686,75.971686,75.971686,75.971686,75.971686,75.971686,75.971686,75.971686,75.971686,75.971686,75.971686,75.971686,75.971686,75.971686,75.971686,0,0,0,0,0,0,0,0,0,0,0,0,0,0,0,0,0,0,0,0,10,10,10,10,10,10,10,10,10,10,10,10,10,10,10,10,10,10,10,10,0,0,0,0,0,0,0,0,0,0,0,0,0,0,0,0,0,0,0,0
123.821834,122.826443,118.012885,107.957095,101.864431,101.864431,101.864431,101.864431,101.864431,101.864431,101.864431,101.864431,101.864431,101.864431,101.864431,101.864431,101.864431,101.864431,101.864431,101.864431,112.952725,97.994727,99.31261,100.26879,103.621375,103.621375,103.621375,103.621375,103.621375,103.621375,103.621375,103.621375,103.621375,103.621375,103.621375,103.621375,103.621375,103.621375,103.621375,103.621375,0,0,0,0,0,0,0,0,0,0,0,0,0,0,0,0,0,0,0,0,10,10,10,10,10,10,10,10,10,10,10,10,10,10,10,10,10,10,10,10,0,0,0,0,0,0,0,0,0,0,0,0,0,0,0,0,0,0,0,0
58.889598,60.426021,62.649204,36.631934,45.823427,42.28387,39.73993,30.412745,28.270066,18.389967,18.389967,18.389967,18.389967,18.389967,18.389967,18.389967,18.389967,18.389967,18.389967,18.389967,110.206298,117.744587,111.877328,108.036852,110.035598,103.788789,114.164857,123.004204,122.257605,120.157157,120.157157,120.157157,120.157157,120.157157,120.157157,120.157157,120.157157,120.157157,120.157157,120.157157,0,0,0,0,0,0,0,0,0,0,0,0,0,0,0,0,0,0,0,0,10,10,10,10,10,10,10,10,10,10,10,10,10,10,10,10,10,10,10,10,0,0,0,0,0,0,0,0,0,0,0,0,0,0,0,0,0,0,0,0
81.915363,88.142661,97.031851,95.864261,98.782838,98.782838,98.782838,98.782838,98.782838,98.782838,98.782838,98.782838,98.782838,98.782838,98.782838,98.782838,98.782838,98.782838,98.782838,98.782838,98.688901,104.823964,97.0978,104.946006,104.811893,104.811893,104.811893,104.811893,104.811893,104.811893,104.811893,104.811893,104.811893,104.811893,104.811893,104.811893,104.811893,104.811893,104.811893,104.811893,0,0,0,0,0,0,0,0,0,0,0,0,0,0,0,0,0,0,0,0,10,10,10,10,10,10,10,10,10,10,10,10,10,10,10,10,10,10,10,10,0,0,0,0,0,0,0,0,0,0,0,0,0,0,0,0,0,0,0,0
62.833424,58.083581,59.825132,59.825132,59.825132,59.825132,59.825132,59.825132,59.825132,59.825132,59.825132,59.825132,59.825132,59.825132,59.825132,59.825132,59.825132,59.825132,59.825132,59.825132,107.758505,96.092152,106.291372,106.291372,106.291372,106.291372,106.291372,106.291372,106.291372,106.291372,106.291372,106.291372,106.291372,106.291372,106.291372,106.291372,106.291372,106.291372,106.291372,106.291372,0,0,0,0,0,0,0,0,0,0,0,0,0,0,0,0,0,0,0,0,10,10,10,10,10,10,10,10,10,10,10,10,10,10,10,10,10,10,10,10,0,0,0,0,0,0,0,0,0,0,0,0,0,0,0,0,0,0,0,0
121.932466,114.0,111.00551,122.022658,118.163798,125.609856,114.713321,112.982866,127.0,106.249668,127.0,127.0,127.0,118.661726,111.832314,115.861101,115.861101,115.861101,115.861101,115.861101,118.256981,127.0,116.602301,115.56675,108.751453,106.580145,110.800715,108.51248,110.0,112.977245,111.0,117.0,97.0,102.070522,94.902026,107.990533,107.990533,107.990533,107.990533,107.990533,0,0,0,0,0,0,0,0,0,0,0,0,0,0,0,0,0,0,0,0,10,10,10,10,10,10,10,10,10,10,10,10,10,10,10,10,10,10,10,10,0,0,0,0,0,0,0,0,0,0,0,0,0,0,0,0,0,0,0,0
61.664971,60.643431,61.847803,71.196839,81.289118,84.80303,93.37878,90.870858,99.203466,98.95208,98.95208,98.95208,98.95208,98.95208,98.95208,98.95208,98.95208,98.95208,98.95208,98.95208,54.043022,65.024068,64.147865,52.839497,53.943534,53.743171,65.253416,76.908485,81.89146,86.161552,86.161552,86.161552,86.161552,86.161552,86.161552,86.161552,86.161552,86.161552,86.161552,86.161552,0,0,0,0,0,0,0,0,0,0,0,0,0,0,0,0,0,0,0,0,10,10,10,10,10,10,10,10,10,10,10,10,10,10,10,10,10,10,10,10,0,0,0,0,0,0,0,0,0,0,0,0,0,0,0,0,0,0,0,0
86.26324,88.457504,78.11773,82.0,92.0,92.0,92.0,92.0,92.0,92.0,92.0,92.0,92.0,92.0,92.0,92.0,92.0,92.0,92.0,92.0,107.434829,112.991444,117.048659,127.0,127.0,127.0,127.0,127.0,127.0,127.0,127.0,127.0,127.0,127.0,127.0,127.0,127.0,127.0,127.0,127.0,0,0,0,0,0,0,0,0,0,0,0,0,0,0,0,0,0,0,0,0,10,10,10,10,10,10,10,10,10,10,10,10,10,10,10,10,10,10,10,10,0,0,0,0,0,0,0,0,0,0,0,0,0,0,0,0,0,0,0,0
7.940327,9.996076,9.996076,9.996076,9.996076,9.996076,9.996076,9.996076,9.996076,9.996076,9.996076,9.996076,9.996076,9.996076,9.996076,9.996076,9.996076,9.996076,9.996076,9.996076,65.74669,57.759504,57.759504,57.759504,57.759504,57.759504,57.759504,57.759504,57.759504,57.759504,57.759504,57.759504,57.759504,57.759504,57.759504,57.759504,57.759504,57.759504,57.759504,57.759504,0,0,0,0,0,0,0,0,0,0,0,0,0,0,0,0,0,0,0,0,10,10,10,10,10,10,10,10,10,10,10,10,10,10,10,10,10,10,10,10,0,0,0,0,0,0,0,0,0,0,0,0,0,0,0,0,0,0,0,0
9.359911,6.482497,6.482497,6.482497,6.482497,6.482497,6.482497,6.482497,6.482497,6.482497,6.482497,6.482497,6.482497,6.482497,6.482497,6.482497,6.482497,6.482497,6.482497,6.482497,75.486851,68.603242,68.603242,68.603242,68.603242,68.603242,68.603242,68.603242,68.603242,68.603242,68.603242,68.603242,68.603242,68.603242,68.603242,68.603242,68.603242,68.603242,68.603242,68.603242,0,0,0,0,0,0,0,0,0,0,0,0,0,0,0,0,0,0,0,0,10,10,10,10,10,10,10,10,10,10,10,10,10,10,10,10,10,10,10,10,0,0,0,0,0,0,0,0,0,0,0,0,0,0,0,0,0,0,0,0
45.645678,49.848362,39.978178,40.403585,17.609232,25.043701,28.049315,24.47223,24.47223,24.47223,24.47223,24.47223,24.47223,24.47223,24.47223,24.47223,24.47223,24.47223,24.47223,24.47223,34.616845,40.0469,50.72668,57.000471,46.076874,58.00947,50.834215,63.573855,63.573855,63.573855,63.573855,63.573855,63.573855,63.573855,63.573855,63.573855,63.573855,63.573855,63.573855,63.573855,0,0,0,0,0,0,0,0,0,0,0,0,0,0,0,0,0,0,0,0,10,10,10,10,10,10,10,10,10,10,10,10,10,10,10,10,10,10,10,10,0,0,0,0,0,0,0,0,0,0,0,0,0,0,0,0,0,0,0,0
19.371911,25.208153,34.0,34.0,34.0,34.0,34.0,34.0,34.0,34.0,34.0,34.0,34.0,34.0,34.0,34.0,34.0,34.0,34.0,34.0,117.049486,123.970558,127.0,127.0,127.0,127.0,127.0,127.0,127.0,127.0,127.0,127.0,127.0,127.0,127.0,127.0,127.0,127.0,127.0,127.0,0,0,0,0,0,0,0,0,0,0,0,0,0,0,0,0,0,0,0,0,10,10,10,10,10,10,10,10,10,10,10,10,10,10,10,10,10,10,10,10,0,0,0,0,0,0,0,0,0,0,0,0,0,0,0,0,0,0,0,0
118.579355,122.934729,115.990322,121.246472,121.237402,122.040771,112.433871,116.137564,110.218439,100.983212,100.983212,100.983212,100.983212,100.983212,100.983212,100.983212,100.983212,100.983212,100.983212,100.983212,27.999429,31.628614,21.723418,23.855154,11.477807,12.461856,17.78041,25.965106,21.857579,14.375572,14.375572,14.375572,14.375572,14.375572,14.375572,14.375572,14.375572,14.375572,14.375572,14.375572,0,0,0,0,0,0,0,0,0,0,0,0,0,0,0,0,0,0,0,0,10,10,10,10,10,10,10,10,10,10,10,10,10,10,10,10,10,10,10,10,0,0,0,0,0,0,0,0,0,0,0,0,0,0,0,0,0,0,0,0
84.089178,79.564383,83.830682,82.719828,82.719828,82.719828,82.719828,82.719828,82.719828,82.719828,82.719828,82.719828,82.719828,82.719828,82.719828,82.719828,82.719828,82.719828,82.719828,82.719828,79.90855,66.178707,73.222607,84.968828,84.968828,84.968828,84.968828,84.968828,84.968828,84.968828,84.968828,84.968828,84.968828,84.968828,84.968828,84.968828,84.968828,84.968828,84.968828,84.968828,0,0,0,0,0,0,0,0,0,0,0,0,0,0,0,0,0,0,0,0,10,10,10,10,10,10,10,10,10,10,10,10,10,10,10,10,10,10,10,10,0,0,0,0,0,0,0,0,0,0,0,0,0,0,0,0,0,0,0,0
5.265751,0.0,6.123013,6.123013,6.123013,6.123013,6.123013,6.123013,6.123013,6.123013,6.123013,6.123013,6.123013,6.123013,6.123013,6.123013,6.123013,6.123013,6.123013,6.123013,48.693197,46.0,55.063049,55.063049,55.063049,55.063049,55.063049,55.063049,55.063049,55.063049,55.063049,55.063049,55.063049,55.063049,55.063049,55.063049,55.063049,55.063049,55.063049,55.063049,0,0,0,0,0,0,0,0,0,0,0,0,0,0,0,0,0,0,0,0,10,10,10,10,10,10,10,10,10,10,10,10,10,10,10,10,10,10,10,10,0,0,0,0,0,0,0,0,0,0,0,0,0,0,0,0,0,0,0,0
91.289578,87.0,90.875534,92.20832,83.487001,82.973854,89.22756,85.915321,85.995604,85.995604,85.995604,85.995604,85.995604,85.995604,85.995604,85.995604,85.995604,85.995604,85.995604,85.995604,4.840746,0.0,4.839682,8.031189,17.190452,17.39724,7.205029,10.065713,8.198201,8.198201,8.198201,8.198201,8.198201,8.198201,8.198201,8.198201,8.198201,8.198201,8.198201,8.198201,0,0,0,0,0,0,0,0,0,0,0,0,0,0,0,0,0,0,0,0,10,10,10,10,10,10,10,10,10,10,10,10,10,10,10,10,10,10,10,10,0,0,0,0,0,0,0,0,0,0,0,0,0,0,0,0,0,0,0,0
52.354791,40.582548,51.349753,45.952572,50.300559,56.152051,55.235637,63.61932,63.486812,63.486812,63.486812,63.486812,63.486812,63.486812,63.486812,63.486812,63.486812,63.486812,63.486812,63.486812,67.904506,72.547919,69.216984,62.525454,65.766941,65.370745,67.058387,63.980254,75.940275,75.940275,75.940275,75.940275,75.940275,75.940275,75.940275,75.940275,75.940275,75.940275,75.940275,75.940275,0,0,0,0,0,0,0,0,0,0,0,0,0,0,0,0,0,0,0,0,10,10,10,10,10,10,10,10,10,10,10,10,10,10,10,10,10,10,10,10,0,0,0,0,0,0,0,0,0,0,0,0,0,0,0,0,0,0,0,0
32.291298,27.480631,32.042978,38.068259,43.151211,43.151211,43.151211,43.151211,43.151211,43.151211,43.151211,43.151211,43.151211,43.151211,43.151211,43.151211,43.151211,43.151211,43.151211,43.151211,26.740316,36.269814,27.796277,31.858994,19.908603,19.908603,19.908603,19.908603,19.908603,19.908603,19.908603,19.908603,19.908603,19.908603,19.908603,19.908603,19.908603,19.908603,19.908603,19.908603,0,0,0,0,0,0,0,0,0,0,0,0,0,0,0,0,0,0,0,0,10,10,10,10,10,10,10,10,10,10,10,10,10,10,10,10,10,10,10,10,0,0,0,0,0,0,0,0,0,0,0,0,0,0,0,0,0,0,0,0
31.01143,33.049279,43.719721,43.719721,43.719721,43.719721,43.719721,43.719721,43.719721,43.719721,43.719721,43.719721,43.719721,43.719721,43.719721,43.719721,43.719721,43.719721,43.719721,43.719721,59.834559,69.958846,70.859288,70.859288,70.859288,70.859288,70.859288,70.859288,70.859288,70.859288,70.859288,70.859288,70.859288,70.859288,70.859288,70.859288,70.859288,70.859288,70.859288,70.859288,0,0,0,0,0,0,0,0,0,0,0,0,0,0,0,0,0,0,0,0,10,10,10,10,10,10,10,10,10,10,10,10,10,10,10,10,10,10,10,10,0,0,0,0,0,0,0,0,0,0,0,0,0,0,0,0,0,0,0,0
51.779174,47.148462,52.32075,42.841277,41.804807,28.0,19.638113,22.859746,22.213779,17.872178,17.872178,17.872178,17.872178,17.872178,17.872178,17.872178,17.872178,17.872178,17.872178,17.872178,30.057571,39.343075,40.972887,40.991787,47.094137,43.0,42.257173,40.147752,39.872139,29.488622,29.488622,29.488622,29.488622,29.488622,29.488622,29.488622,29.488622,29.488622,29.488622,29.488622,0,0,0,0,0,0,0,0,0,0,0,0,0,0,0,0,0,0,0,0,10,10,10,10,10,10,10,10,10,10,10,10,10,10,10,10,10,10,10,10,0,0,0,0,0,0,0,0,0,0,0,0,0,0,0,0,0,0,0,0
8.052176,0.0,0.0,12.948469,0.0,16.900157,26.044279,26.111141,26.111141,26.111141,26.111141,26.111141,26.111141,26.111141,26.111141,26.111141,26.111141,26.111141,26.111141,26.111141,112.755423,112.0,116.0,110.125684,110.0,102.280668,109.913752,113.104421,113.104421,113.104421,113.104421,113.104421,113.104421,113.104421,113.104421,113.104421,113.104421,113.104421,113.104421,113.104421,0,0,0,0,0,0,0,0,0,0,0,0,0,0,0,0,0,0,0,0,10,10,10,10,10,10,10,10,10,10,10,10,10,10,10,10,10,10,10,10,0,0,0,0,0,0,0,0,0,0,0,0,0,0,0,0,0,0,0,0
24.499939,21.933916,16.0,16.0,16.0,16.0,16.0,16.0,16.0,16.0,16.0,16.0,16.0,16.0,16.0,16.0,16.0,16.0,16.0,16.0,6.32525,5.252079,0.0,0.0,0.0,0.0,0.0,0.0,0.0,0.0,0.0,0.0,0.0,0.0,0.0,0.0,0.0,0.0,0.0,0.0,0,0,0,0,0,0,0,0,0,0,0,0,0,0,0,0,0,0,0,0,10,10,10,10,10,10,10,10,10,10,10,10,10,10,10,10,10,10,10,10,0,0,0,0,0,0,0,0,0,0,0,0,0,0,0,0,0,0,0,0
118.687743,124.13078,122.762753,122.762753,122.762753,122.762753,122.762753,122.762753,122.762753,122.762753,122.762753,122.762753,122.762753,122.762753,122.762753,122.762753,122.762753,122.762753,122.762753,122.762753,98.980436,88.62294,76.228859,76.228859,76.228859,76.228859,76.228859,76.228859,76.228859,76.228859,76.228859,76.228859,76.228859,76.228859,76.228859,76.228859,76.228859,76.228859,76.228859,76.228859,0,0,0,0,0,0,0,0,0,0,0,0,0,0,0,0,0,0,0,0,10,10,10,10,10,10,10,10,10,10,10,10,10,10,10,10,10,10,10,10,0,0,0,0,0,0,0,0,0,0,0,0,0,0,0,0,0,0,0,0
3.525182,7.116188,12.338719,2.980442,5.164461,5.164461,5.164461,5.164461,5.164461,5.164461,5.164461,5.164461,5.164461,5.164461,5.164461,5.164461,5.164461,5.164461,5.164461,5.164461,24.994008,27.942065,30.323921,39.841846,37.471373,37.471373,37.471373,37.471373,37.471373,37.471373,37.471373,37.471373,37.471373,37.471373,37.471373,37.471373,37.471373,37.471373,37.471373,37.471373,0,0,0,0,0,0,0,0,0,0,0,0,0,0,0,0,0,0,0,0,10,10,10,10,10,10,10,10,10,10,10,10,10,10,10,10,10,10,10,10,0,0,0,0,0,0,0,0,0,0,0,0,0,0,0,0,0,0,0,0
113.01202,107.098988,99.87269,105.03125,105.03125,105.03125,105.03125,105.03125,105.03125,105.03125,105.03125,105.03125,105.03125,105.03125,105.03125,105.03125,105.03125,105.03125,105.03125,105.03125,87.0307,81.207875,87.958968,95.295054,95.295054,95.295054,95.295054,95.295054,95.295054,95.295054,95.295054,95.295054,95.295054,95.295054,95.295054,95.295054,95.295054,95.295054,95.295054,95.295054,0,0,0,0,0,0,0,0,0,0,0,0,0,0,0,0,0,0,0,0,10,10,10,10,10,10,10,10,10,10,10,10,10,10,10,10,10,10,10,10,0,0,0,0,0,0,0,0,0,0,0,0,0,0,0,0,0,0,0,0
15.0,10.120628,5.076528,12.317215,2.994806,0.0,9.530337,9.530337,9.530337,9.530337,9.530337,9.530337,9.530337,9.530337,9.530337,9.530337,9.530337,9.530337,9.530337,9.530337,0.0,7.82619,17.258085,5.884073,12.051009,9.0,1.812248,1.812248,1.812248,1.812248,1.812248,1.812248,1.812248,1.812248,1.812248,1.812248,1.812248,1.812248,1.812248,1.812248,0,0,0,0,0,0,0,0,0,0,0,0,0,0,0,0,0,0,0,0,10,10,10,10,10,10,10,10,10,10,10,10,10,10,10,10,10,10,10,10,0,0,0,0,0,0,0,0,0,0,0,0,0,0,0,0,0,0,0,0
70.383937,70.177274,72.07297,66.75452,63.326053,69.076964,65.987187,65.987187,65.987187,65.987187,65.987187,65.987187,65.987187,65.987187,65.987187,65.987187,65.987187,65.987187,65.987187,65.987187,97.933561,96.871809,102.951463,108.743341,98.683135,102.196217,96.590988,96.590988,96.590988,96.590988,96.590988,96.590988,96.590988,96.590988,96.590988,96.590988,96.590988,96.590988,96.590988,96.590988,0,0,0,0,0,0,0,0,0,0,0,0,0,0,0,0,0,0,0,0,10,10,10,10,10,10,10,10,10,10,10,10,10,10,10,10,10,10,10,10,0,0,0,0,0,0,0,0,0,0,0,0,0,0,0,0,0,0,0,0
14.931762,3.684395,0.0,0.0,0.0,0.0,0.0,0.0,0.0,0.0,0.0,0.0,0.0,0.0,0.0,0.0,0.0,0.0,0.0,0.0,65.932657,74.426234,63.0,63.0,63.0,63.0,63.0,63.0,63.0,63.0,63.0,63.0,63.0,63.0,63.0,63.0,63.0,63.0,63.0,63.0,0,0,0,0,0,0,0,0,0,0,0,0,0,0,0,0,0,0,0,0,10,10,10,10,10,10,10,10,10,10,10,10,10,10,10,10,10,10,10,10,0,0,0,0,0,0,0,0,0,0,0,0,0,0,0,0,0,0,0,0
79.972039,83.817888,90.929682,81.841367,81.015639,77.916226,80.504806,80.504806,80.504806,80.504806,80.504806,80.504806,80.504806,80.504806,80.504806,80.504806,80.504806,80.504806,80.504806,80.504806,93.999408,88.039237,91.876618,95.858539,88.094224,80.288284,85.505074,85.505074,85.505074,85.505074,85.505074,85.505074,85.505074,85.505074,85.505074,85.505074,85.505074,85.505074,85.505074,85.505074,0,0,0,0,0,0,0,0,0,0,0,0,0,0,0,0,0,0,0,0,10,10,10,10,10,10,10,10,10,10,10,10,10,10,10,10,10,10,10,10,0,0,0,0,0,0,0,0,0,0,0,0,0,0,0,0,0,0,0,0
18.416816,18.167238,22.097537,24.564582,16.812561,10.85405,12.85825,19.096629,9.618204,17.086737,20.554336,26.18511,26.18511,26.18511,26.18511,26.18511,26.18511,26.18511,26.18511,26.18511,73.702004,71.106363,73.679038,69.80239,64.224031,67.66838,62.776066,66.918168,87.219778,73.165719,68.035249,77.31399,77.31399,77.31399,77.31399,77.31399,77.31399,77.31399,77.31399,77.31399,0,0,0,0,0,0,0,0,0,0,0,0,0,0,0,0,0,0,0,0,10,10,10,10,10,10,10,10,10,10,10,10,10,10,10,10,10,10,10,10,0,0,0,0,0,0,0,0,0,0,0,0,0,0,0,0,0,0,0,0
18.158186,18.0,12.126574,15.239628,17.64254,17.64254,17.64254,17.64254,17.64254,17.64254,17.64254,17.64254,17.64254,17.64254,17.64254,17.64254,17.64254,17.64254,17.64254,17.64254,115.193118,127.0,121.053456,120.842169,120.975432,120.975432,120.975432,120.975432,120.975432,120.975432,120.975432,120.975432,120.975432,120.975432,120.975432,120.975432,120.975432,120.975432,120.975432,120.975432,0,0,0,0,0,0,0,0,0,0,0,0,0,0,0,0,0,0,0,0,10,10,10,10,10,10,10,10,10,10,10,10,10,10,10,10,10,10,10,10,0,0,0,0,0,0,0,0,0,0,0,0,0,0,0,0,0,0,0,0
6.041987,3.90062,2.994222,2.994222,2.994222,2.994222,2.994222,2.994222,2.994222,2.994222,2.994222,2.994222,2.994222,2.994222,2.994222,2.994222,2.994222,2.994222,2.994222,2.994222,60.863834,67.858269,58.82884,58.82884,58.82884,58.82884,58.82884,58.82884,58.82884,58.82884,58.82884,58.82884,58.82884,58.82884,58.82884,58.82884,58.82884,58.82884,58.82884,58.82884,0,0,0,0,0,0,0,0,0,0,0,0,0,0,0,0,0,0,0,0,10,10,10,10,10,10,10,10,10,10,10,10,10,10,10,10,10,10,10,10,0,0,0,0,0,0,0,0,0,0,0,0,0,0,0,0,0,0,0,0
52.443742,51.158481,39.664526,46.540201,46.540201,46.540201,46.540201,46.540201,46.540201,46.540201,46.540201,46.540201,46.540201,46.540201,46.540201,46.540201,46.540201,46.540201,46.540201,46.540201,24.236655,30.677411,32.986609,25.390117,25.390117,25.390117,25.390117,25.390117,25.390117,25.390117,25.390117,25.390117,25.390117,25.390117,25.390117,25.390117,25.390117,25.390117,25.390117,25.390117,0,0,0,0,0,0,0,0,0,0,0,0,0,0,0,0,0,0,0,0,10,10,10,10,10,10,10,10,10,10,10,10,10,10,10,10,10,10,10,10,0,0,0,0,0,0,0,0,0,0,0,0,0,0,0,0,0,0,0,0
54.629786,54.0,54.0,54.0,54.0,54.0,54.0,54.0,54.0,54.0,54.0,54.0,54.0,54.0,54.0,54.0,54.0,54.0,54.0,54.0,117.586639,127.0,127.0,127.0,127.0,127.0,127.0,127.0,127.0,127.0,127.0,127.0,127.0,127.0,127.0,127.0,127.0,127.0,127.0,127.0,0,0,0,0,0,0,0,0,0,0,0,0,0,0,0,0,0,0,0,0,10,10,10,10,10,10,10,10,10,10,10,10,10,10,10,10,10,10,10,10,0,0,0,0,0,0,0,0,0,0,0,0,0,0,0,0,0,0,0,0
13.042653,15.722571,15.722571,15.722571,15.722571,15.722571,15.722571,15.722571,15.722571,15.722571,15.722571,15.722571,15.722571,15.722571,15.722571,15.722571,15.722571,15.722571,15.722571,15.722571,43.13852,43.332893,43.332893,43.332893,43.332893,43.332893,43.332893,43.332893,43.332893,43.332893,43.332893,43.332893,43.332893,43.332893,43.332893,43.332893,43.332893,43.332893,43.332893,43.332893,0,0,0,0,0,0,0,0,0,0,0,0,0,0,0,0,0,0,0,0,10,10,10,10,10,10,10,10,10,10,10,10,10,10,10,10,10,10,10,10,0,0,0,0,0,0,0,0,0,0,0,0,0,0,0,0,0,0,0,0
16.705852,16.008465,16.008465,16.008465,16.008465,16.008465,16.008465,16.008465,16.008465,16.008465,16.008465,16.008465,16.008465,16.008465,16.008465,16.008465,16.008465,16.008465,16.008465,16.008465,93.67914,85.909655,85.909655,85.909655,85.909655,85.909655,85.909655,85.909655,85.909655,85.909655,85.909655,85.909655,85.909655,85.909655,85.909655,85.909655,85.909655,85.909655,85.909655,85.909655,0,0,0,0,0,0,0,0,0,0,0,0,0,0,0,0,0,0,0,0,10,10,10,10,10,10,10,10,10,10,10,10,10,10,10,10,10,10,10,10,0,0,0,0,0,0,0,0,0,0,0,0,0,0,0,0,0,0,0,0
42.773547,51.364747,42.527054,42.527054,42.527054,42.527054,42.527054,42.527054,42.527054,42.527054,42.527054,42.527054,42.527054,42.527054,42.527054,42.527054,42.527054,42.527054,42.527054,42.527054,124.584376,123.691029,124.3418,124.3418,124.3418,124.3418,124.3418,124.3418,124.3418,124.3418,124.3418,124.3418,124.3418,124.3418,124.3418,124.3418,124.3418,124.3418,124.3418,124.3418,0,0,0,0,0,0,0,0,0,0,0,0,0,0,0,0,0,0,0,0,10,10,10,10,10,10,10,10,10,10,10,10,10,10,10,10,10,10,10,10,0,0,0,0,0,0,0,0,0,0,0,0,0,0,0,0,0,0,0,0
127.0,127.0,127.0,127.0,127.0,127.0,127.0,127.0,127.0,127.0,127.0,127.0,127.0,127.0,127.0,127.0,127.0,127.0,127.0,127.0,26.0,22.0,22.0,22.0,22.0,22.0,22.0,22.0,22.0,22.0,22.0,22.0,22.0,22.0,22.0,22.0,22.0,22.0,22.0,22.0,0,0,0,0,0,0,0,0,0,0,0,0,0,0,0,0,0,0,0,0,10,10,10,10,10,10,10,10,10,10,10,10,10,10,10,10,10,10,10,10,0,0,0,0,0,0,0,0,0,0,0,0,0,0,0,0,0,0,0,0
82.884755,90.235716,85.556278,87.886174,87.886174,87.886174,87.886174,87.886174,87.886174,87.886174,87.886174,87.886174,87.886174,87.886174,87.886174,87.886174,87.886174,87.886174,87.886174,87.886174,46.742879,48.962766,46.93088,49.356119,49.356119,49.356119,49.356119,49.356119,49.356119,49.356119,49.356119,49.356119,49.356119,49.356119,49.356119,49.356119,49.356119,49.356119,49.356119,49.356119,0,0,0,0,0,0,0,0,0,0,0,0,0,0,0,0,0,0,0,0,10,10,10,10,10,10,10,10,10,10,10,10,10,10,10,10,10,10,10,10,0,0,0,0,0,0,0,0,0,0,0,0,0,0,0,0,0,0,0,0
127.0,116.88954,123.578381,117.044776,117.044776,117.044776,117.044776,117.044776,117.044776,117.044776,117.044776,117.044776,117.044776,117.044776,117.044776,117.044776,117.044776,117.044776,117.044776,117.044776,37.0,35.839452,35.831688,35.18815,35.18815,35.18815,35.18815,35.18815,35.18815,35.18815,35.18815,35.18815,35.18815,35.18815,35.18815,35.18815,35.18815,35.18815,35.18815,35.18815,0,0,0,0,0,0,0,0,0,0,0,0,0,0,0,0,0,0,0,0,10,10,10,10,10,10,10,10,10,10,10,10,10,10,10,10,10,10,10,10,0,0,0,0,0,0,0,0,0,0,0,0,0,0,0,0,0,0,0,0
71.053148,83.225953,83.225953,83.225953,83.225953,83.225953,83.225953,83.225953,83.225953,83.225953,83.225953,83.225953,83.225953,83.225953,83.225953,83.225953,83.225953,83.225953,83.225953,83.225953,29.977162,27.07643,27.07643,27.07643,27.07643,27.07643,27.07643,27.07643,27.07643,27.07643,27.07643,27.07643,27.07643,27.07643,27.07643,27.07643,27.07643,27.07643,27.07643,27.07643,0,0,0,0,0,0,0,0,0,0,0,0,0,0,0,0,0,0,0,0,10,10,10,10,10,10,10,10,10,10,10,10,10,10,10,10,10,10,10,10,0,0,0,0,0,0,0,0,0,0,0,0,0,0,0,0,0,0,0,0
91.005388,89.262549,89.262549,89.262549,89.262549,89.262549,89.262549,89.262549,89.262549,89.262549,89.262549,89.262549,89.262549,89.262549,89.262549,89.262549,89.262549,89.262549,89.262549,89.262549,120.099615,121.096321,121.096321,121.096321,121.096321,121.096321,121.096321,121.096321,121.096321,121.096321,121.096321,121.096321,121.096321,121.096321,121.096321,121.096321,121.096321,121.096321,121.096321,121.096321,0,0,0,0,0,0,0,0,0,0,0,0,0,0,0,0,0,0,0,0,10,10,10,10,10,10,10,10,10,10,10,10,10,10,10,10,10,10,10,10,0,0,0,0,0,0,0,0,0,0,0,0,0,0,0,0,0,0,0,0
84.231092,92.419818,92.419818,92.419818,92.419818,92.419818,92.419818,92.419818,92.419818,92.419818,92.419818,92.419818,92.419818,92.419818,92.419818,92.419818,92.419818,92.419818,92.419818,92.419818,36.335822,34.483894,34.483894,34.483894,34.483894,34.483894,34.483894,34.483894,34.483894,34.483894,34.483894,34.483894,34.483894,34.483894,34.483894,34.483894,34.483894,34.483894,34.483894,34.483894,0,0,0,0,0,0,0,0,0,0,0,0,0,0,0,0,0,0,0,0,10,10,10,10,10,10,10,10,10,10,10,10,10,10,10,10,10,10,10,10,0,0,0,0,0,0,0,0,0,0,0,0,0,0,0,0,0,0,0,0
17.618483,12.532558,17.835669,16.07751,16.07751,16.07751,16.07751,16.07751,16.07751,16.07751,16.07751,16.07751,16.07751,16.07751,16.07751,16.07751,16.07751,16.07751,16.07751,16.07751,54.068086,62.823155,60.843728,58.109283,58.109283,58.109283,58.109283,58.109283,58.109283,58.109283,58.109283,58.109283,58.109283,58.109283,58.109283,58.109283,58.109283,58.109283,58.109283,58.109283,0,0,0,0,0,0,0,0,0,0,0,0,0,0,0,0,0,0,0,0,10,10,10,10,10,10,10,10,10,10,10,10,10,10,10,10,10,10,10,10,0,0,0,0,0,0,0,0,0,0,0,0,0,0,0,0,0,0,0,0
17.41707,28.013867,20.092186,20.092186,20.092186,20.092186,20.092186,20.092186,20.092186,20.092186,20.092186,20.092186,20.092186,20.092186,20.092186,20.092186,20.092186,20.092186,20.092186,20.092186,16.506648,14.63793,10.320274,10.320274,10.320274,10.320274,10.320274,10.320274,10.320274,10.320274,10.320274,10.320274,10.320274,10.320274,10.320274,10.320274,10.320274,10.320274,10.320274,10.320274,0,0,0,0,0,0,0,0,0,0,0,0,0,0,0,0,0,0,0,0,10,10,10,10,10,10,10,10,10,10,10,10,10,10,10,10,10,10,10,10,0,0,0,0,0,0,0,0,0,0,0,0,0,0,0,0,0,0,0,0
84.024739,86.088832,86.088832,86.088832,86.088832,86.088832,86.088832,86.088832,86.088832,86.088832,86.088832,86.088832,86.088832,86.088832,86.088832,86.088832,86.088832,86.088832,86.088832,86.088832,106.272185,110.318889,110.318889,110.318889,110.318889,110.318889,110.318889,110.318889,110.318889,110.318889,110.318889,110.318889,110.318889,110.318889,110.318889,110.318889,110.318889,110.318889,110.318889,110.318889,0,0,0,0,0,0,0,0,0,0,0,0,0,0,0,0,0,0,0,0,10,10,10,10,10,10,10,10,10,10,10,10,10,10,10,10,10,10,10,10,0,0,0,0,0,0,0,0,0,0,0,0,0,0,0,0,0,0,0,0
65.271746,72.495743,72.495743,72.495743,72.495743,72.495743,72.495743,72.495743,72.495743,72.495743,72.495743,72.495743,72.495743,72.495743,72.495743,72.495743,72.495743,72.495743,72.495743,72.495743,34.912107,39.27607,39.27607,39.27607,39.27607,39.27607,39.27607,39.27607,39.27607,39.27607,39.27607,39.27607,39.27607,39.27607,39.27607,39.27607,39.27607,39.27607,39.27607,39.27607,0,0,0,0,0,0,0,0,0,0,0,0,0,0,0,0,0,0,0,0,10,10,10,10,10,10,10,10,10,10,10,10,10,10,10,10,10,10,10,10,0,0,0,0,0,0,0,0,0,0,0,0,0,0,0,0,0,0,0,0
118.754965,121.87861,121.87861,121.87861,121.87861,121.87861,121.87861,121.87861,121.87861,121.87861,121.87861,121.87861,121.87861,121.87861,121.87861,121.87861,121.87861,121.87861,121.87861,121.87861,87.726016,92.225111,92.225111,92.225111,92.225111,92.225111,92.225111,92.225111,92.225111,92.225111,92.225111,92.225111,92.225111,92.225111,92.225111,92.225111,92.225111,92.225111,92.225111,92.225111,0,0,0,0,0,0,0,0,0,0,0,0,0,0,0,0,0,0,0,0,10,10,10,10,10,10,10,10,10,10,10,10,10,10,10,10,10,10,10,10,0,0,0,0,0,0,0,0,0,0,0,0,0,0,0,0,0,0,0,0
101.668747,96.821705,105.203804,107.665069,105.984779,113.738621,117.919222,117.919222,117.919222,117.919222,117.919222,117.919222,117.919222,117.919222,117.919222,117.919222,117.919222,117.919222,117.919222,117.919222,97.997648,100.335321,94.580115,87.870648,92.738675,101.814673,92.30674,92.30674,92.30674,92.30674,92.30674,92.30674,92.30674,92.30674,92.30674,92.30674,92.30674,92.30674,92.30674,92.30674,0,0,0,0,0,0,0,0,0,0,0,0,0,0,0,0,0,0,0,0,10,10,10,10,10,10,10,10,10,10,10,10,10,10,10,10,10,10,10,10,0,0,0,0,0,0,0,0,0,0,0,0,0,0,0,0,0,0,0,0
127.0,121.653305,121.653305,121.653305,121.653305,121.653305,121.653305,121.653305,121.653305,121.653305,121.653305,121.653305,121.653305,121.653305,121.653305,121.653305,121.653305,121.653305,121.653305,121.653305,109.0,103.694721,103.694721,103.694721,103.694721,103.694721,103.694721,103.694721,103.694721,103.694721,103.694721,103.694721,103.694721,103.694721,103.694721,103.694721,103.694721,103.694721,103.694721,103.694721,0,0,0,0,0,0,0,0,0,0,0,0,0,0,0,0,0,0,0,0,10,10,10,10,10,10,10,10,10,10,10,10,10,10,10,10,10,10,10,10,0,0,0,0,0,0,0,0,0,0,0,0,0,0,0,0,0,0,0,0
37.3104,33.181297,34.831437,35.141565,35.141565,35.141565,35.141565,35.141565,35.141565,35.141565,35.141565,35.141565,35.141565,35.141565,35.141565,35.141565,35.141565,35.141565,35.141565,35.141565,117.971761,108.201865,105.964107,116.107929,116.107929,116.107929,116.107929,116.107929,116.107929,116.107929,116.107929,116.107929,116.107929,116.107929,116.107929,116.107929,116.107929,116.107929,116.107929,116.107929,0,0,0,0,0,0,0,0,0,0,0,0,0,0,0,0,0,0,0,0,10,10,10,10,10,10,10,10,10,10,10,10,10,10,10,10,10,10,10,10,0,0,0,0,0,0,0,0,0,0,0,0,0,0,0,0,0,0,0,0
121.0,118.14452,112.038407,101.765603,104.100293,104.624694,109.81393,119.619774,115.0,115.0,115.0,115.0,115.0,115.0,115.0,115.0,115.0,115.0,115.0,115.0,127.0,122.43772,117.059916,119.034835,116.861942,113.91483,112.922567,118.945479,127.0,127.0,127.0,127.0,127.0,127.0,127.0,127.0,127.0,127.0,127.0,127.0,0,0,0,0,0,0,0,0,0,0,0,0,0,0,0,0,0,0,0,0,10,10,10,10,10,10,10,10,10,10,10,10,10,10,10,10,10,10,10,10,0,0,0,0,0,0,0,0,0,0,0,0,0,0,0,0,0,0,0,0
0.0,5.23469,2.032877,4.027524,0.0,2.760477,10.294249,17.710489,28.726364,42.006137,42.006137,42.006137,42.006137,42.006137,42.006137,42.006137,42.006137,42.006137,42.006137,42.006137,93.0,96.015574,101.196164,103.379297,96.0,91.233576,86.176174,90.863298,90.960046,86.887227,86.887227,86.887227,86.887227,86.887227,86.887227,86.887227,86.887227,86.887227,86.887227,86.887227,0,0,0,0,0,0,0,0,0,0,0,0,0,0,0,0,0,0,0,0,10,10,10,10,10,10,10,10,10,10,10,10,10,10,10,10,10,10,10,10,0,0,0,0,0,0,0,0,0,0,0,0,0,0,0,0,0,0,0,0
78.057162,81.993077,85.123562,80.89199,81.853129,84.134766,84.134766,84.134766,84.134766,84.134766,84.134766,84.134766,84.134766,84.134766,84.134766,84.134766,84.134766,84.134766,84.134766,84.134766,60.815042,60.814234,67.784096,74.655963,85.866115,93.404013,93.404013,93.404013,93.404013,93.404013,93.404013,93.404013,93.404013,93.404013,93.404013,93.404013,93.404013,93.404013,93.404013,93.404013,0,0,0,0,0,0,0,0,0,0,0,0,0,0,0,0,0,0,0,0,10,10,10,10,10,10,10,10,10,10,10,10,10,10,10,10,10,10,10,10,0,0,0,0,0,0,0,0,0,0,0,0,0,0,0,0,0,0,0,0
12.312791,16.965817,20.396674,25.837332,28.127096,5.623361,11.658142,6.454937,0.0,0.0,13.517258,9.591538,7.0309,7.0309,7.0309,7.0309,7.0309,7.0309,7.0309,7.0309,27.226008,37.843057,27.377171,19.685572,25.508515,32.209241,42.829331,48.233289,40.0,39.0,39.492074,41.414657,25.807915,25.807915,25.807915,25.807915,25.807915,25.807915,25.807915,25.807915,0,0,0,0,0,0,0,0,0,0,0,0,0,0,0,0,0,0,0,0,10,10,10,10,10,10,10,10,10,10,10,10,10,10,10,10,10,10,10,10,0,0,0,0,0,0,0,0,0,0,0,0,0,0,0,0,0,0,0,0
118.892779,106.165559,98.343318,98.76044,98.76044,98.76044,98.76044,98.76044,98.76044,98.76044,98.76044,98.76044,98.76044,98.76044,98.76044,98.76044,98.76044,98.76044,98.76044,98.76044,72.647814,72.77306,68.988424,74.064178,74.064178,74.064178,74.064178,74.064178,74.064178,74.064178,74.064178,74.064178,74.064178,74.064178,74.064178,74.064178,74.064178,74.064178,74.064178,74.064178,0,0,0,0,0,0,0,0,0,0,0,0,0,0,0,0,0,0,0,0,10,10,10,10,10,10,10,10,10,10,10,10,10,10,10,10,10,10,10,10,0,0,0,0,0,0,0,0,0,0,0,0,0,0,0,0,0,0,0,0
28.552517,33.063018,27.073568,27.073568,27.073568,27.073568,27.073568,27.073568,27.073568,27.073568,27.073568,27.073568,27.073568,27.073568,27.073568,27.073568,27.073568,27.073568,27.073568,27.073568,69.521861,68.174606,62.101837,62.101837,62.101837,62.101837,62.101837,62.101837,62.101837,62.101837,62.101837,62.101837,62.101837,62.101837,62.101837,62.101837,62.101837,62.101837,62.101837,62.101837,0,0,0,0,0,0,0,0,0,0,0,0,0,0,0,0,0,0,0,0,10,10,10,10,10,10,10,10,10,10,10,10,10,10,10,10,10,10,10,10,0,0,0,0,0,0,0,0,0,0,0,0,0,0,0,0,0,0,0,0
104.981914,109.91846,120.883576,120.883576,120.883576,120.883576,120.883576,120.883576,120.883576,120.883576,120.883576,120.883576,120.883576,120.883576,120.883576,120.883576,120.883576,120.883576,120.883576,120.883576,108.038781,109.180581,112.364116,112.364116,112.364116,112.364116,112.364116,112.364116,112.364116,112.364116,112.364116,112.364116,112.364116,112.364116,112.364116,112.364116,112.364116,112.364116,112.364116,112.364116,0,0,0,0,0,0,0,0,0,0,0,0,0,0,0,0,0,0,0,0,10,10,10,10,10,10,10,10,10,10,10,10,10,10,10,10,10,10,10,10,0,0,0,0,0,0,0,0,0,0,0,0,0,0,0,0,0,0,0,0
23.456681,22.918051,27.434832,25.560674,22.136621,19.240064,19.240064,19.240064,19.240064,19.240064,19.240064,19.240064,19.240064,19.240064,19.240064,19.240064,19.240064,19.240064,19.240064,19.240064,107.728626,110.432001,113.076727,119.171008,123.386376,108.941378,108.941378,108.941378,108.941378,108.941378,108.941378,108.941378,108.941378,108.941378,108.941378,108.941378,108.941378,108.941378,108.941378,108.941378,0,0,0,0,0,0,0,0,0,0,0,0,0,0,0,0,0,0,0,0,10,10,10,10,10,10,10,10,10,10,10,10,10,10,10,10,10,10,10,10,0,0,0,0,0,0,0,0,0,0,0,0,0,0,0,0,0,0,0,0
57.134546,64.905357,74.953479,83.0,86.072489,88.90758,88.90758,88.90758,88.90758,88.90758,88.90758,88.90758,88.90758,88.90758,88.90758,88.90758,88.90758,88.90758,88.90758,88.90758,115.325966,117.223399,120.812052,127.0,123.116396,111.969972,111.969972,111.969972,111.969972,111.969972,111.969972,111.969972,111.969972,111.969972,111.969972,111.969972,111.969972,111.969972,111.969972,111.969972,0,0,0,0,0,0,0,0,0,0,0,0,0,0,0,0,0,0,0,0,10,10,10,10,10,10,10,10,10,10,10,10,10,10,10,10,10,10,10,10,0,0,0,0,0,0,0,0,0,0,0,0,0,0,0,0,0,0,0,0
65.080731,63.134918,68.17548,68.17548,68.17548,68.17548,68.17548,68.17548,68.17548,68.17548,68.17548,68.17548,68.17548,68.17548,68.17548,68.17548,68.17548,68.17548,68.17548,68.17548,85.029387,81.004528,74.265176,74.265176,74.265176,74.265176,74.265176,74.265176,74.265176,74.265176,74.265176,74.265176,74.265176,74.265176,74.265176,74.265176,74.265176,74.265176,74.265176,74.265176,0,0,0,0,0,0,0,0,0,0,0,0,0,0,0,0,0,0,0,0,10,10,10,10,10,10,10,10,10,10,10,10,10,10,10,10,10,10,10,10,0,0,0,0,0,0,0,0,0,0,0,0,0,0,0,0,0,0,0,0
42.728256,40.947381,40.517698,40.0,46.829399,59.744329,67.583941,72.0,76.0,76.0,76.0,76.0,76.0,76.0,76.0,76.0,76.0,76.0,76.0,76.0,106.124752,120.791891,115.694423,127.0,112.285573,110.96728,123.060925,127.0,127.0,127.0,127.0,127.0,127.0,127.0,127.0,127.0,127.0,127.0,127.0,127.0,0,0,0,0,0,0,0,0,0,0,0,0,0,0,0,0,0,0,0,0,10,10,10,10,10,10,10,10,10,10,10,10,10,10,10,10,10,10,10,10,0,0,0,0,0,0,0,0,0,0,0,0,0,0,0,0,0,0,0,0
65.789393,75.613711,72.857121,72.857121,72.857121,72.857121,72.857121,72.857121,72.857121,72.857121,72.857121,72.857121,72.857121,72.857121,72.857121,72.857121,72.857121,72.857121,72.857121,72.857121,61.348205,54.002881,58.087051,58.087051,58.087051,58.087051,58.087051,58.087051,58.087051,58.087051,58.087051,58.087051,58.087051,58.087051,58.087051,58.087051,58.087051,58.087051,58.087051,58.087051,0,0,0,0,0,0,0,0,0,0,0,0,0,0,0,0,0,0,0,0,10,10,10,10,10,10,10,10,10,10,10,10,10,10,10,10,10,10,10,10,0,0,0,0,0,0,0,0,0,0,0,0,0,0,0,0,0,0,0,0
35.690923,43.880792,43.880792,43.880792,43.880792,43.880792,43.880792,43.880792,43.880792,43.880792,43.880792,43.880792,43.880792,43.880792,43.880792,43.880792,43.880792,43.880792,43.880792,43.880792,86.894012,79.380093,79.380093,79.380093,79.380093,79.380093,79.380093,79.380093,79.380093,79.380093,79.380093,79.380093,79.380093,79.380093,79.380093,79.380093,79.380093,79.380093,79.380093,79.380093,0,0,0,0,0,0,0,0,0,0,0,0,0,0,0,0,0,0,0,0,10,10,10,10,10,10,10,10,10,10,10,10,10,10,10,10,10,10,10,10,0,0,0,0,0,0,0,0,0,0,0,0,0,0,0,0,0,0,0,0
0.0,0.0,0.0,0.0,0.0,0.0,0.0,0.0,0.0,0.0,0.0,0.0,0.0,0.0,0.0,0.0,0.0,0.0,0.0,0.0,116.0,110.0,110.0,110.0,110.0,110.0,110.0,110.0,110.0,110.0,110.0,110.0,110.0,110.0,110.0,110.0,110.0,110.0,110.0,110.0,0,0,0,0,0,0,0,0,0,0,0,0,0,0,0,0,0,0,0,0,10,10,10,10,10,10,10,10,10,10,10,10,10,10,10,10,10,10,10,10,0,0,0,0,0,0,0,0,0,0,0,0,0,0,0,0,0,0,0,0
123.161288,114.173819,127.0,124.850747,124.850747,124.850747,124.850747,124.850747,124.850747,124.850747,124.850747,124.850747,124.850747,124.850747,124.850747,124.850747,124.850747,124.850747,124.850747,124.850747,84.899729,90.008746,96.0,93.988275,93.988275,93.988275,93.988275,93.988275,93.988275,93.988275,93.988275,93.988275,93.988275,93.988275,93.988275,93.988275,93.988275,93.988275,93.988275,93.988275,0,0,0,0,0,0,0,0,0,0,0,0,0,0,0,0,0,0,0,0,10,10,10,10,10,10,10,10,10,10,10,10,10,10,10,10,10,10,10,10,0,0,0,0,0,0,0,0,0,0,0,0,0,0,0,0,0,0,0,0
0.0,0.0,13.478818,13.478818,13.478818,13.478818,13.478818,13.478818,13.478818,13.478818,13.478818,13.478818,13.478818,13.478818,13.478818,13.478818,13.478818,13.478818,13.478818,13.478818,45.0,55.0,60.046907,60.046907,60.046907,60.046907,60.046907,60.046907,60.046907,60.046907,60.046907,60.046907,60.046907,60.046907,60.046907,60.046907,60.046907,60.046907,60.046907,60.046907,0,0,0,0,0,0,0,0,0,0,0,0,0,0,0,0,0,0,0,0,10,10,10,10,10,10,10,10,10,10,10,10,10,10,10,10,10,10,10,10,0,0,0,0,0,0,0,0,0,0,0,0,0,0,0,0,0,0,0,0
85.32726,80.28565,76.88475,81.006054,78.147097,74.365137,74.365137,74.365137,74.365137,74.365137,74.365137,74.365137,74.365137,74.365137,74.365137,74.365137,74.365137,74.365137,74.365137,74.365137,112.632657,107.755301,112.705633,104.441191,109.104566,106.28615,106.28615,106.28615,106.28615,106.28615,106.28615,106.28615,106.28615,106.28615,106.28615,106.28615,106.28615,106.28615,106.28615,106.28615,0,0,0,0,0,0,0,0,0,0,0,0,0,0,0,0,0,0,0,0,10,10,10,10,10,10,10,10,10,10,10,10,10,10,10,10,10,10,10,10,0,0,0,0,0,0,0,0,0,0,0,0,0,0,0,0,0,0,0,0
67.207097,60.182219,60.376505,52.126179,55.0,62.0,62.0,62.0,62.0,62.0,62.0,62.0,62.0,62.0,62.0,62.0,62.0,62.0,62.0,62.0,17.931678,26.714129,15.576943,12.091699,0.0,0.0,0.0,0.0,0.0,0.0,0.0,0.0,0.0,0.0,0.0,0.0,0.0,0.0,0.0,0.0,0,0,0,0,0,0,0,0,0,0,0,0,0,0,0,0,0,0,0,0,10,10,10,10,10,10,10,10,10,10,10,10,10,10,10,10,10,10,10,10,0,0,0,0,0,0,0,0,0,0,0,0,0,0,0,0,0,0,0,0
3.461906,8.061245,8.061245,8.061245,8.061245,8.061245,8.061245,8.061245,8.061245,8.061245,8.061245,8.061245,8.061245,8.061245,8.061245,8.061245,8.061245,8.061245,8.061245,8.061245,16.435688,18.150678,18.150678,18.150678,18.150678,18.150678,18.150678,18.150678,18.150678,18.150678,18.150678,18.150678,18.150678,18.150678,18.150678,18.150678,18.150678,18.150678,18.150678,18.150678,0,0,0,0,0,0,0,0,0,0,0,0,0,0,0,0,0,0,0,0,10,10,10,10,10,10,10,10,10,10,10,10,10,10,10,10,10,10,10,10,0,0,0,0,0,0,0,0,0,0,0,0,0,0,0,0,0,0,0,0
30.099483,32.911318,31.843929,31.843929,31.843929,31.843929,31.843929,31.843929,31.843929,31.843929,31.843929,31.843929,31.843929,31.843929,31.843929,31.843929,31.843929,31.843929,31.843929,31.843929,100.814694,88.205798,88.931289,88.931289,88.931289,88.931289,88.931289,88.931289,88.931289,88.931289,88.931289,88.931289,88.931289,88.931289,88.931289,88.931289,88.931289,88.931289,88.931289,88.931289,0,0,0,0,0,0,0,0,0,0,0,0,0,0,0,0,0,0,0,0,10,10,10,10,10,10,10,10,10,10,10,10,10,10,10,10,10,10,10,10,0,0,0,0,0,0,0,0,0,0,0,0,0,0,0,0,0,0,0,0
127.0,127.0,127.0,127.0,127.0,127.0,127.0,127.0,127.0,127.0,127.0,127.0,127.0,127.0,127.0,127.0,127.0,127.0,127.0,127.0,26.0,30.0,30.0,30.0,30.0,30.0,30.0,30.0,30.0,30.0,30.0,30.0,30.0,30.0,30.0,30.0,30.0,30.0,30.0,30.0,0,0,0,0,0,0,0,0,0,0,0,0,0,0,0,0,0,0,0,0,10,10,10,10,10,10,10,10,10,10,10,10,10,10,10,10,10,10,10,10,0,0,0,0,0,0,0,0,0,0,0,0,0,0,0,0,0,0,0,0
90.18359,95.959523,91.966762,91.966762,91.966762,91.966762,91.966762,91.966762,91.966762,91.966762,91.966762,91.966762,91.966762,91.966762,91.966762,91.966762,91.966762,91.966762,91.966762,91.966762,108.848799,99.426286,97.688156,97.688156,97.688156,97.688156,97.688156,97.688156,97.688156,97.688156,97.688156,97.688156,97.688156,97.688156,97.688156,97.688156,97.688156,97.688156,97.688156,97.688156,0,0,0,0,0,0,0,0,0,0,0,0,0,0,0,0,0,0,0,0,10,10,10,10,10,10,10,10,10,10,10,10,10,10,10,10,10,10,10,10,0,0,0,0,0,0,0,0,0,0,0,0,0,0,0,0,0,0,0,0
45.348366,33.137777,26.04489,12.113084,4.895876,9.373904,2.060239,2.060239,2.060239,2.060239,2.060239,2.060239,2.060239,2.060239,2.060239,2.060239,2.060239,2.060239,2.060239,2.060239,5.188939,10.982079,12.553699,12.127726,22.516428,30.091988,36.773944,36.773944,36.773944,36.773944,36.773944,36.773944,36.773944,36.773944,36.773944,36.773944,36.773944,36.773944,36.773944,36.773944,0,0,0,0,0,0,0,0,0,0,0,0,0,0,0,0,0,0,0,0,10,10,10,10,10,10,10,10,10,10,10,10,10,10,10,10,10,10,10,10,0,0,0,0,0,0,0,0,0,0,0,0,0,0,0,0,0,0,0,0
69.604102,61.668528,61.668528,61.668528,61.668528,61.668528,61.668528,61.668528,61.668528,61.668528,61.668528,61.668528,61.668528,61.668528,61.668528,61.668528,61.668528,61.668528,61.668528,61.668528,41.90558,49.485549,49.485549,49.485549,49.485549,49.485549,49.485549,49.485549,49.485549,49.485549,49.485549,49.485549,49.485549,49.485549,49.485549,49.485549,49.485549,49.485549,49.485549,49.485549,0,0,0,0,0,0,0,0,0,0,0,0,0,0,0,0,0,0,0,0,10,10,10,10,10,10,10,10,10,10,10,10,10,10,10,10,10,10,10,10,0,0,0,0,0,0,0,0,0,0,0,0,0,0,0,0,0,0,0,0
60.671873,59.277595,59.277595,59.277595,59.277595,59.277595,59.277595,59.277595,59.277595,59.277595,59.277595,59.277595,59.277595,59.277595,59.277595,59.277595,59.277595,59.277595,59.277595,59.277595,101.93738,105.912988,105.912988,105.912988,105.912988,105.912988,105.912988,105.912988,105.912988,105.912988,105.912988,105.912988,105.912988,105.912988,105.912988,105.912988,105.912988,105.912988,105.912988,105.912988,0,0,0,0,0,0,0,0,0,0,0,0,0,0,0,0,0,0,0,0,10,10,10,10,10,10,10,10,10,10,10,10,10,10,10,10,10,10,10,10,0,0,0,0,0,0,0,0,0,0,0,0,0,0,0,0,0,0,0,0
119.899922,127.0,127.0,127.0,127.0,127.0,127.0,127.0,127.0,127.0,127.0,127.0,127.0,127.0,127.0,127.0,127.0,127.0,127.0,127.0,108.361722,101.0,101.0,101.0,101.0,101.0,101.0,101.0,101.0,101.0,101.0,101.0,101.0,101.0,101.0,101.0,101.0,101.0,101.0,101.0,0,0,0,0,0,0,0,0,0,0,0,0,0,0,0,0,0,0,0,0,10,10,10,10,10,10,10,10,10,10,10,10,10,10,10,10,10,10,10,10,0,0,0,0,0,0,0,0,0,0,0,0,0,0,0,0,0,0,0,0
66.622141,73.519062,73.519062,73.519062,73.519062,73.519062,73.519062,73.519062,73.519062,73.519062,73.519062,73.519062,73.519062,73.519062,73.519062,73.519062,73.519062,73.519062,73.519062,73.519062,96.571788,94.499261,94.499261,94.499261,94.499261,94.499261,94.499261,94.499261,94.499261,94.499261,94.499261,94.499261,94.499261,94.499261,94.499261,94.499261,94.499261,94.499261,94.499261,94.499261,0,0,0,0,0,0,0,0,0,0,0,0,0,0,0,0,0,0,0,0,10,10,10,10,10,10,10,10,10,10,10,10,10,10,10,10,10,10,10,10,0,0,0,0,0,0,0,0,0,0,0,0,0,0,0,0,0,0,0,0
87.699983,75.326339,83.998652,76.940976,72.24229,72.24229,72.24229,72.24229,72.24229,72.24229,72.24229,72.24229,72.24229,72.24229,72.24229,72.24229,72.24229,72.24229,72.24229,72.24229,76.862347,80.799355,82.655157,87.95644,89.65604,89.65604,89.65604,89.65604,89.65604,89.65604,89.65604,89.65604,89.65604,89.65604,89.65604,89.65604,89.65604,89.65604,89.65604,89.65604,0,0,0,0,0,0,0,0,0,0,0,0,0,0,0,0,0,0,0,0,10,10,10,10,10,10,10,10,10,10,10,10,10,10,10,10,10,10,10,10,0,0,0,0,0,0,0,0,0,0,0,0,0,0,0,0,0,0,0,0
80.067364,76.041686,76.041686,76.041686,76.041686,76.041686,76.041686,76.041686,76.041686,76.041686,76.041686,76.041686,76.041686,76.041686,76.041686,76.041686,76.041686,76.041686,76.041686,76.041686,30.636769,23.234934,23.234934,23.234934,23.234934,23.234934,23.234934,23.234934,23.234934,23.234934,23.234934,23.234934,23.234934,23.234934,23.234934,23.234934,23.234934,23.234934,23.234934,23.234934,0,0,0,0,0,0,0,0,0,0,0,0,0,0,0,0,0,0,0,0,10,10,10,10,10,10,10,10,10,10,10,10,10,10,10,10,10,10,10,10,0,0,0,0,0,0,0,0,0,0,0,0,0,0,0,0,0,0,0,0
91.955614,100.029016,100.029016,100.029016,100.029016,100.029016,100.029016,100.029016,100.029016,100.029016,100.029016,100.029016,100.029016,100.029016,100.029016,100.029016,100.029016,100.029016,100.029016,100.029016,91.802915,95.023719,95.023719,95.023719,95.023719,95.023719,95.023719,95.023719,95.023719,95.023719,95.023719,95.023719,95.023719,95.023719,95.023719,95.023719,95.023719,95.023719,95.023719,95.023719,0,0,0,0,0,0,0,0,0,0,0,0,0,0,0,0,0,0,0,0,10,10,10,10,10,10,10,10,10,10,10,10,10,10,10,10,10,10,10,10,0,0,0,0,0,0,0,0,0,0,0,0,0,0,0,0,0,0,0,0
34.48991,31.005066,36.326717,36.326717,36.326717,36.326717,36.326717,36.326717,36.326717,36.326717,36.326717,36.326717,36.326717,36.326717,36.326717,36.326717,36.326717,36.326717,36.326717,36.326717,18.499081,6.25601,11.177734,11.177734,11.177734,11.177734,11.177734,11.177734,11.177734,11.177734,11.177734,11.177734,11.177734,11.177734,11.177734,11.177734,11.177734,11.177734,11.177734,11.177734,0,0,0,0,0,0,0,0,0,0,0,0,0,0,0,0,0,0,0,0,10,10,10,10,10,10,10,10,10,10,10,10,10,10,10,10,10,10,10,10,0,0,0,0,0,0,0,0,0,0,0,0,0,0,0,0,0,0,0,0
5.87505,0.0,0.0,4.739286,4.739286,4.739286,4.739286,4.739286,4.739286,4.739286,4.739286,4.739286,4.739286,4.739286,4.739286,4.739286,4.739286,4.739286,4.739286,4.739286,108.737587,107.0,102.0,99.339095,99.339095,99.339095,99.339095,99.339095,99.339095,99.339095,99.339095,99.339095,99.339095,99.339095,99.339095,99.339095,99.339095,99.339095,99.339095,99.339095,0,0,0,0,0,0,0,0,0,0,0,0,0,0,0,0,0,0,0,0,10,10,10,10,10,10,10,10,10,10,10,10,10,10,10,10,10,10,10,10,0,0,0,0,0,0,0,0,0,0,0,0,0,0,0,0,0,0,0,0
14.05238,4.638887,6.777989,10.766446,19.575515,26.06374,3.0,33.049364,33.980657,33.980657,33.980657,33.980657,33.980657,33.980657,33.980657,33.980657,33.980657,33.980657,33.980657,33.980657,9.802485,3.8632,11.43727,8.958107,5.300026,5.712244,0.0,19.350879,27.014145,27.014145,27.014145,27.014145,27.014145,27.014145,27.014145,27.014145,27.014145,27.014145,27.014145,27.014145,0,0,0,0,0,0,0,0,0,0,0,0,0,0,0,0,0,0,0,0,10,10,10,10,10,10,10,10,10,10,10,10,10,10,10,10,10,10,10,10,0,0,0,0,0,0,0,0,0,0,0,0,0,0,0,0,0,0,0,0
67.012585,65.011083,66.120403,64.740324,57.647125,58.011095,58.722996,58.722996,58.722996,58.722996,58.722996,58.722996,58.722996,58.722996,58.722996,58.722996,58.722996,58.722996,58.722996,58.722996,61.075151,61.8199,58.083181,59.124294,67.149187,60.965838,60.022835,60.022835,60.022835,60.022835,60.022835,60.022835,60.022835,60.022835,60.022835,60.022835,60.022835,60.022835,60.022835,60.022835,0,0,0,0,0,0,0,0,0,0,0,0,0,0,0,0,0,0,0,0,10,10,10,10,10,10,10,10,10,10,10,10,10,10,10,10,10,10,10,10,0,0,0,0,0,0,0,0,0,0,0,0,0,0,0,0,0,0,0,0
37.931277,49.305613,41.954572,42.292271,40.027966,43.141868,34.843697,32.04883,32.04883,32.04883,32.04883,32.04883,32.04883,32.04883,32.04883,32.04883,32.04883,32.04883,32.04883,32.04883,50.908885,60.053005,52.64238,58.426234,68.374316,57.717177,75.216552,83.222852,83.222852,83.222852,83.222852,83.222852,83.222852,83.222852,83.222852,83.222852,83.222852,83.222852,83.222852,83.222852,0,0,0,0,0,0,0,0,0,0,0,0,0,0,0,0,0,0,0,0,10,10,10,10,10,10,10,10,10,10,10,10,10,10,10,10,10,10,10,10,0,0,0,0,0,0,0,0,0,0,0,0,0,0,0,0,0,0,0,0
51.879978,40.800678,40.800678,40.800678,40.800678,40.800678,40.800678,40.800678,40.800678,40.800678,40.800678,40.800678,40.800678,40.800678,40.800678,40.800678,40.800678,40.800678,40.800678,40.800678,10.768935,5.209966,5.209966,5.209966,5.209966,5.209966,5.209966,5.209966,5.209966,5.209966,5.209966,5.209966,5.209966,5.209966,5.209966,5.209966,5.209966,5.209966,5.209966,5.209966,0,0,0,0,0,0,0,0,0,0,0,0,0,0,0,0,0,0,0,0,10,10,10,10,10,10,10,10,10,10,10,10,10,10,10,10,10,10,10,10,0,0,0,0,0,0,0,0,0,0,0,0,0,0,0,0,0,0,0,0
115.392566,116.112604,112.678895,112.678895,112.678895,112.678895,112.678895,112.678895,112.678895,112.678895,112.678895,112.678895,112.678895,112.678895,112.678895,112.678895,112.678895,112.678895,112.678895,112.678895,93.972805,84.997846,90.567747,90.567747,90.567747,90.567747,90.567747,90.567747,90.567747,90.567747,90.567747,90.567747,90.567747,90.567747,90.567747,90.567747,90.567747,90.567747,90.567747,90.567747,0,0,0,0,0,0,0,0,0,0,0,0,0,0,0,0,0,0,0,0,10,10,10,10,10,10,10,10,10,10,10,10,10,10,10,10,10,10,10,10,0,0,0,0,0,0,0,0,0,0,0,0,0,0,0,0,0,0,0,0
30.470374,24.5746,28.337304,28.360481,26.909315,19.630542,9.323717,12.818958,17.208177,17.208177,17.208177,17.208177,17.208177,17.208177,17.208177,17.208177,17.208177,17.208177,17.208177,17.208177,30.524196,40.933134,27.870849,33.038974,26.885604,33.692854,39.283809,28.41989,28.86032,28.86032,28.86032,28.86032,28.86032,28.86032,28.86032,28.86032,28.86032,28.86032,28.86032,28.86032,0,0,0,0,0,0,0,0,0,0,0,0,0,0,0,0,0,0,0,0,10,10,10,10,10,10,10,10,10,10,10,10,10,10,10,10,10,10,10,10,0,0,0,0,0,0,0,0,0,0,0,0,0,0,0,0,0,0,0,0
14.367054,13.100287,13.100287,13.100287,13.100287,13.100287,13.100287,13.100287,13.100287,13.100287,13.100287,13.100287,13.100287,13.100287,13.100287,13.100287,13.100287,13.100287,13.100287,13.100287,123.906102,117.494763,117.494763,117.494763,117.494763,117.494763,117.494763,117.494763,117.494763,117.494763,117.494763,117.494763,117.494763,117.494763,117.494763,117.494763,117.494763,117.494763,117.494763,117.494763,0,0,0,0,0,0,0,0,0,0,0,0,0,0,0,0,0,0,0,0,10,10,10,10,10,10,10,10,10,10,10,10,10,10,10,10,10,10,10,10,0,0,0,0,0,0,0,0,0,0,0,0,0,0,0,0,0,0,0,0
18.282416,19.70701,18.608769,18.608769,18.608769,18.608769,18.608769,18.608769,18.608769,18.608769,18.608769,18.608769,18.608769,18.608769,18.608769,18.608769,18.608769,18.608769,18.608769,18.608769,92.09972,98.159951,98.738643,98.738643,98.738643,98.738643,98.738643,98.738643,98.738643,98.738643,98.738643,98.738643,98.738643,98.738643,98.738643,98.738643,98.738643,98.738643,98.738643,98.738643,0,0,0,0,0,0,0,0,0,0,0,0,0,0,0,0,0,0,0,0,10,10,10,10,10,10,10,10,10,10,10,10,10,10,10,10,10,10,10,10,0,0,0,0,0,0,0,0,0,0,0,0,0,0,0,0,0,0,0,0
69.948859,64.563412,51.782812,51.782812,51.782812,51.782812,51.782812,51.782812,51.782812,51.782812,51.782812,51.782812,51.782812,51.782812,51.782812,51.782812,51.782812,51.782812,51.782812,51.782812,9.827987,14.651934,15.605802,15.605802,15.605802,15.605802,15.605802,15.605802,15.605802,15.605802,15.605802,15.605802,15.605802,15.605802,15.605802,15.605802,15.605802,15.605802,15.605802,15.605802,0,0,0,0,0,0,0,0,0,0,0,0,0,0,0,0,0,0,0,0,10,10,10,10,10,10,10,10,10,10,10,10,10,10,10,10,10,10,10,10,0,0,0,0,0,0,0,0,0,0,0,0,0,0,0,0,0,0,0,0
116.768288,113.340269,113.340269,113.340269,113.340269,113.340269,113.340269,113.340269,113.340269,113.340269,113.340269,113.340269,113.340269,113.340269,113.340269,113.340269,113.340269,113.340269,113.340269,113.340269,106.220991,110.997529,110.997529,110.997529,110.997529,110.997529,110.997529,110.997529,110.997529,110.997529,110.997529,110.997529,110.997529,110.997529,110.997529,110.997529,110.997529,110.997529,110.997529,110.997529,0,0,0,0,0,0,0,0,0,0,0,0,0,0,0,0,0,0,0,0,10,10,10,10,10,10,10,10,10,10,10,10,10,10,10,10,10,10,10,10,0,0,0,0,0,0,0,0,0,0,0,0,0,0,0,0,0,0,0,0
75.635761,76.142694,76.881177,76.881177,76.881177,76.881177,76.881177,76.881177,76.881177,76.881177,76.881177,76.881177,76.881177,76.881177,76.881177,76.881177,76.881177,76.881177,76.881177,76.881177,117.47042,104.559279,103.932663,103.932663,103.932663,103.932663,103.932663,103.932663,103.932663,103.932663,103.932663,103.932663,103.932663,103.932663,103.932663,103.932663,103.932663,103.932663,103.932663,103.932663,0,0,0,0,0,0,0,0,0,0,0,0,0,0,0,0,0,0,0,0,10,10,10,10,10,10,10,10,10,10,10,10,10,10,10,10,10,10,10,10,0,0,0,0,0,0,0,0,0,0,0,0,0,0,0,0,0,0,0,0
71.230214,62.932297,69.002884,69.002884,69.002884,69.002884,69.002884,69.002884,69.002884,69.002884,69.002884,69.002884,69.002884,69.002884,69.002884,69.002884,69.002884,69.002884,69.002884,69.002884,18.340065,22.129817,19.558795,19.558795,19.558795,19.558795,19.558795,19.558795,19.558795,19.558795,19.558795,19.558795,19.558795,19.558795,19.558795,19.558795,19.558795,19.558795,19.558795,19.558795,0,0,0,0,0,0,0,0,0,0,0,0,0,0,0,0,0,0,0,0,10,10,10,10,10,10,10,10,10,10,10,10,10,10,10,10,10,10,10,10,0,0,0,0,0,0,0,0,0,0,0,0,0,0,0,0,0,0,0,0
88.904369,87.064926,93.180195,92.0,95.884422,95.831066,95.831066,95.831066,95.831066,95.831066,95.831066,95.831066,95.831066,95.831066,95.831066,95.831066,95.831066,95.831066,95.831066,95.831066,114.044714,121.190943,122.509823,127.0,112.727799,117.377995,117.377995,117.377995,117.377995,117.377995,117.377995,117.377995,117.377995,117.377995,117.377995,117.377995,117.377995,117.377995,117.377995,117.377995,0,0,0,0,0,0,0,0,0,0,0,0,0,0,0,0,0,0,0,0,10,10,10,10,10,10,10,10,10,10,10,10,10,10,10,10,10,10,10,10,0,0,0,0,0,0,0,0,0,0,0,0,0,0,0,0,0,0,0,0
102.834032,100.185633,100.185633,100.185633,100.185633,100.185633,100.185633,100.185633,100.185633,100.185633,100.185633,100.185633,100.185633,100.185633,100.185633,100.185633,100.185633,100.185633,100.185633,100.185633,112.494289,121.165348,121.165348,121.165348,121.165348,121.165348,121.165348,121.165348,121.165348,121.165348,121.165348,121.165348,121.165348,121.165348,121.165348,121.165348,121.165348,121.165348,121.165348,121.165348,0,0,0,0,0,0,0,0,0,0,0,0,0,0,0,0,0,0,0,0,10,10,10,10,10,10,10,10,10,10,10,10,10,10,10,10,10,10,10,10,0,0,0,0,0,0,0,0,0,0,0,0,0,0,0,0,0,0,0,0
120.029422,118.051361,118.051361,118.051361,118.051361,118.051361,118.051361,118.051361,118.051361,118.051361,118.051361,118.051361,118.051361,118.051361,118.051361,118.051361,118.051361,118.051361,118.051361,118.051361,111.27139,118.274217,118.274217,118.274217,118.274217,118.274217,118.274217,118.274217,118.274217,118.274217,118.274217,118.274217,118.274217,118.274217,118.274217,118.274217,118.274217,118.274217,118.274217,118.274217,0,0,0,0,0,0,0,0,0,0,0,0,0,0,0,0,0,0,0,0,10,10,10,10,10,10,10,10,10,10,10,10,10,10,10,10,10,10,10,10,0,0,0,0,0,0,0,0,0,0,0,0,0,0,0,0,0,0,0,0
43.583963,42.947671,53.806972,53.806972,53.806972,53.806972,53.806972,53.806972,53.806972,53.806972,53.806972,53.806972,53.806972,53.806972,53.806972,53.806972,53.806972,53.806972,53.806972,53.806972,46.052176,46.941008,41.439269,41.439269,41.439269,41.439269,41.439269,41.439269,41.439269,41.439269,41.439269,41.439269,41.439269,41.439269,41.439269,41.439269,41.439269,41.439269,41.439269,41.439269,0,0,0,0,0,0,0,0,0,0,0,0,0,0,0,0,0,0,0,0,10,10,10,10,10,10,10,10,10,10,10,10,10,10,10,10,10,10,10,10,0,0,0,0,0,0,0,0,0,0,0,0,0,0,0,0,0,0,0,0
67.131222,65.325591,65.325591,65.325591,65.325591,65.325591,65.325591,65.325591,65.325591,65.325591,65.325591,65.325591,65.325591,65.325591,65.325591,65.325591,65.325591,65.325591,65.325591,65.325591,87.696512,91.20947,91.20947,91.20947,91.20947,91.20947,91.20947,91.20947,91.20947,91.20947,91.20947,91.20947,91.20947,91.20947,91.20947,91.20947,91.20947,91.20947,91.20947,91.20947,0,0,0,0,0,0,0,0,0,0,0,0,0,0,0,0,0,0,0,0,10,10,10,10,10,10,10,10,10,10,10,10,10,10,10,10,10,10,10,10,0,0,0,0,0,0,0,0,0,0,0,0,0,0,0,0,0,0,0,0
87.011522,87.974396,87.974396,87.974396,87.974396,87.974396,87.974396,87.974396,87.974396,87.974396,87.974396,87.974396,87.974396,87.974396,87.974396,87.974396,87.974396,87.974396,87.974396,87.974396,86.245737,93.332379,93.332379,93.332379,93.332379,93.332379,93.332379,93.332379,93.332379,93.332379,93.332379,93.332379,93.332379,93.332379,93.332379,93.332379,93.332379,93.332379,93.332379,93.332379,0,0,0,0,0,0,0,0,0,0,0,0,0,0,0,0,0,0,0,0,10,10,10,10,10,10,10,10,10,10,10,10,10,10,10,10,10,10,10,10,0,0,0,0,0,0,0,0,0,0,0,0,0,0,0,0,0,0,0,0
50.787935,51.021364,43.327588,40.47653,40.47653,40.47653,40.47653,40.47653,40.47653,40.47653,40.47653,40.47653,40.47653,40.47653,40.47653,40.47653,40.47653,40.47653,40.47653,40.47653,76.016139,87.070431,87.718306,88.826619,88.826619,88.826619,88.826619,88.826619,88.826619,88.826619,88.826619,88.826619,88.826619,88.826619,88.826619,88.826619,88.826619,88.826619,88.826619,88.826619,0,0,0,0,0,0,0,0,0,0,0,0,0,0,0,0,0,0,0,0,10,10,10,10,10,10,10,10,10,10,10,10,10,10,10,10,10,10,10,10,0,0,0,0,0,0,0,0,0,0,0,0,0,0,0,0,0,0,0,0
84.567448,82.949975,82.949975,82.949975,82.949975,82.949975,82.949975,82.949975,82.949975,82.949975,82.949975,82.949975,82.949975,82.949975,82.949975,82.949975,82.949975,82.949975,82.949975,82.949975,76.290767,79.024765,79.024765,79.024765,79.024765,79.024765,79.024765,79.024765,79.024765,79.024765,79.024765,79.024765,79.024765,79.024765,79.024765,79.024765,79.024765,79.024765,79.024765,79.024765,0,0,0,0,0,0,0,0,0,0,0,0,0,0,0,0,0,0,0,0,10,10,10,10,10,10,10,10,10,10,10,10,10,10,10,10,10,10,10,10,0,0,0,0,0,0,0,0,0,0,0,0,0,0,0,0,0,0,0,0
127.0,127.0,124.833153,127.0,121.011596,127.0,127.0,127.0,127.0,127.0,127.0,127.0,127.0,127.0,127.0,127.0,127.0,127.0,127.0,127.0,16.0,7.0,17.807542,13.0,17.718662,4.0,4.0,4.0,4.0,4.0,4.0,4.0,4.0,4.0,4.0,4.0,4.0,4.0,4.0,4.0,0,0,0,0,0,0,0,0,0,0,0,0,0,0,0,0,0,0,0,0,10,10,10,10,10,10,10,10,10,10,10,10,10,10,10,10,10,10,10,10,0,0,0,0,0,0,0,0,0,0,0,0,0,0,0,0,0,0,0,0
6.057415,0.0,6.157763,0.0,12.05724,13.752505,13.752505,13.752505,13.752505,13.752505,13.752505,13.752505,13.752505,13.752505,13.752505,13.752505,13.752505,13.752505,13.752505,13.752505,77.821401,89.0,101.979632,108.0,112.105576,117.889528,117.889528,117.889528,117.889528,117.889528,117.889528,117.889528,117.889528,117.889528,117.889528,117.889528,117.889528,117.889528,117.889528,117.889528,0,0,0,0,0,0,0,0,0,0,0,0,0,0,0,0,0,0,0,0,10,10,10,10,10,10,10,10,10,10,10,10,10,10,10,10,10,10,10,10,0,0,0,0,0,0,0,0,0,0,0,0,0,0,0,0,0,0,0,0
0.0,8.132855,9.782657,17.349558,12.622698,12.622698,12.622698,12.622698,12.622698,12.622698,12.622698,12.622698,12.622698,12.622698,12.622698,12.622698,12.622698,12.622698,12.622698,12.622698,8.0,7.938898,3.122276,12.948234,9.172624,9.172624,9.172624,9.172624,9.172624,9.172624,9.172624,9.172624,9.172624,9.172624,9.172624,9.172624,9.172624,9.172624,9.172624,9.172624,0,0,0,0,0,0,0,0,0,0,0,0,0,0,0,0,0,0,0,0,10,10,10,10,10,10,10,10,10,10,10,10,10,10,10,10,10,10,10,10,0,0,0,0,0,0,0,0,0,0,0,0,0,0,0,0,0,0,0,0
60.0,58.265221,70.761826,80.0,81.0,78.517856,84.985638,83.750396,94.633447,99.845011,99.908053,89.618481,83.0,79.082638,69.0,69.0,69.0,69.0,69.0,69.0,127.0,124.408216,118.123021,127.0,127.0,121.486482,111.250334,108.092624,109.013159,107.052042,118.971207,119.427398,127.0,123.179304,127.0,127.0,127.0,127.0,127.0,127.0,0,0,0,0,0,0,0,0,0,0,0,0,0,0,0,0,0,0,0,0,10,10,10,10,10,10,10,10,10,10,10,10,10,10,10,10,10,10,10,10,0,0,0,0,0,0,0,0,0,0,0,0,0,0,0,0,0,0,0,0
18.169174,17.228052,17.228052,17.228052,17.228052,17.228052,17.228052,17.228052,17.228052,17.228052,17.228052,17.228052,17.228052,17.228052,17.228052,17.228052,17.228052,17.228052,17.228052,17.228052,86.261884,100.704282,100.704282,100.704282,100.704282,100.704282,100.704282,100.704282,100.704282,100.704282,100.704282,100.704282,100.704282,100.704282,100.704282,100.704282,100.704282,100.704282,100.704282,100.704282,0,0,0,0,0,0,0,0,0,0,0,0,0,0,0,0,0,0,0,0,10,10,10,10,10,10,10,10,10,10,10,10,10,10,10,10,10,10,10,10,0,0,0,0,0,0,0,0,0,0,0,0,0,0,0,0,0,0,0,0
14.85878,16.944089,12.137028,11.964848,11.964848,11.964848,11.964848,11.964848,11.964848,11.964848,11.964848,11.964848,11.964848,11.964848,11.964848,11.964848,11.964848,11.964848,11.964848,11.964848,18.747101,22.904616,16.903078,15.671718,15.671718,15.671718,15.671718,15.671718,15.671718,15.671718,15.671718,15.671718,15.671718,15.671718,15.671718,15.671718,15.671718,15.671718,15.671718,15.671718,0,0,0,0,0,0,0,0,0,0,0,0,0,0,0,0,0,0,0,0,10,10,10,10,10,10,10,10,10,10,10,10,10,10,10,10,10,10,10,10,0,0,0,0,0,0,0,0,0,0,0,0,0,0,0,0,0,0,0,0
127.0,127.0,122.699784,117.213375,124.927539,127.0,127.0,127.0,127.0,127.0,127.0,127.0,127.0,127.0,127.0,127.0,127.0,127.0,127.0,127.0,81.0,79.0,79.091521,72.822789,73.904492,73.0,73.0,73.0,73.0,73.0,73.0,73.0,73.0,73.0,73.0,73.0,73.0,73.0,73.0,73.0,0,0,0,0,0,0,0,0,0,0,0,0,0,0,0,0,0,0,0,0,10,10,10,10,10,10,10,10,10,10,10,10,10,10,10,10,10,10,10,10,0,0,0,0,0,0,0,0,0,0,0,0,0,0,0,0,0,0,0,0
34.022689,42.800108,39.424581,38.876299,38.193249,27.890215,27.232274,27.702631,29.466506,36.738947,39.169995,41.313391,41.313391,41.313391,41.313391,41.313391,41.313391,41.313391,41.313391,41.313391,38.116393,28.175584,29.133525,26.911254,19.388826,19.168983,19.255585,14.839157,13.861286,12.426996,10.432401,7.903769,7.903769,7.903769,7.903769,7.903769,7.903769,7.903769,7.903769,7.903769,0,0,0,0,0,0,0,0,0,0,0,0,0,0,0,0,0,0,0,0,10,10,10,10,10,10,10,10,10,10,10,10,10,10,10,10,10,10,10,10,0,0,0,0,0,0,0,0,0,0,0,0,0,0,0,0,0,0,0,0
17.094556,4.578383,4.578383,4.578383,4.578383,4.578383,4.578383,4.578383,4.578383,4.578383,4.578383,4.578383,4.578383,4.578383,4.578383,4.578383,4.578383,4.578383,4.578383,4.578383,66.886027,69.845592,69.845592,69.845592,69.845592,69.845592,69.845592,69.845592,69.845592,69.845592,69.845592,69.845592,69.845592,69.845592,69.845592,69.845592,69.845592,69.845592,69.845592,69.845592,0,0,0,0,0,0,0,0,0,0,0,0,0,0,0,0,0,0,0,0,10,10,10,10,10,10,10,10,10,10,10,10,10,10,10,10,10,10,10,10,0,0,0,0,0,0,0,0,0,0,0,0,0,0,0,0,0,0,0,0
96.013906,93.837319,81.888544,81.888544,81.888544,81.888544,81.888544,81.888544,81.888544,81.888544,81.888544,81.888544,81.888544,81.888544,81.888544,81.888544,81.888544,81.888544,81.888544,81.888544,88.984322,89.000614,90.997794,90.997794,90.997794,90.997794,90.997794,90.997794,90.997794,90.997794,90.997794,90.997794,90.997794,90.997794,90.997794,90.997794,90.997794,90.997794,90.997794,90.997794,0,0,0,0,0,0,0,0,0,0,0,0,0,0,0,0,0,0,0,0,10,10,10,10,10,10,10,10,10,10,10,10,10,10,10,10,10,10,10,10,0,0,0,0,0,0,0,0,0,0,0,0,0,0,0,0,0,0,0,0
64.072298,68.013723,71.884276,67.094286,57.561944,57.561944,57.561944,57.561944,57.561944,57.561944,57.561944,57.561944,57.561944,57.561944,57.561944,57.561944,57.561944,57.561944,57.561944,57.561944,73.276713,70.203604,70.898929,69.786242,63.575943,63.575943,63.575943,63.575943,63.575943,63.575943,63.575943,63.575943,63.575943,63.575943,63.575943,63.575943,63.575943,63.575943,63.575943,63.575943,0,0,0,0,0,0,0,0,0,0,0,0,0,0,0,0,0,0,0,0,10,10,10,10,10,10,10,10,10,10,10,10,10,10,10,10,10,10,10,10,0,0,0,0,0,0,0,0,0,0,0,0,0,0,0,0,0,0,0,0
40.023617,31.615267,33.992206,32.650315,32.917749,18.786366,21.052545,16.903469,30.077349,35.397806,37.303263,33.333487,20.855594,27.877197,27.877197,27.877197,27.877197,27.877197,27.877197,27.877197,8.403818,3.082907,1.822041,3.023513,0.570632,5.037679,1.931364,5.284504,7.06744,5.12413,25.089493,16.904443,18.979995,16.919244,16.919244,16.919244,16.919244,16.919244,16.919244,16.919244,0,0,0,0,0,0,0,0,0,0,0,0,0,0,0,0,0,0,0,0,10,10,10,10,10,10,10,10,10,10,10,10,10,10,10,10,10,10,10,10,0,0,0,0,0,0,0,0,0,0,0,0,0,0,0,0,0,0,0,0
2.934971,0.0,7.931814,19.754496,34.356827,29.819614,42.770334,36.667078,25.661927,22.481578,28.639461,23.359114,13.893087,12.341316,12.341316,12.341316,12.341316,12.341316,12.341316,12.341316,39.571447,43.0,38.038526,39.254286,36.907226,40.54528,37.9339,41.837735,37.199263,47.267373,54.436956,53.134817,43.899114,46.417946,46.417946,46.417946,46.417946,46.417946,46.417946,46.417946,0,0,0,0,0,0,0,0,0,0,0,0,0,0,0,0,0,0,0,0,10,10,10,10,10,10,10,10,10,10,10,10,10,10,10,10,10,10,10,10,0,0,0,0,0,0,0,0,0,0,0,0,0,0,0,0,0,0,0,0
76.398561,83.89632,83.89632,83.89632,83.89632,83.89632,83.89632,83.89632,83.89632,83.89632,83.89632,83.89632,83.89632,83.89632,83.89632,83.89632,83.89632,83.89632,83.89632,83.89632,113.583148,114.377806,114.377806,114.377806,114.377806,114.377806,114.377806,114.377806,114.377806,114.377806,114.377806,114.377806,114.377806,114.377806,114.377806,114.377806,114.377806,114.377806,114.377806,114.377806,0,0,0,0,0,0,0,0,0,0,0,0,0,0,0,0,0,0,0,0,10,10,10,10,10,10,10,10,10,10,10,10,10,10,10,10,10,10,10,10,0,0,0,0,0,0,0,0,0,0,0,0,0,0,0,0,0,0,0,0
76.310145,74.068844,74.068844,74.068844,74.068844,74.068844,74.068844,74.068844,74.068844,74.068844,74.068844,74.068844,74.068844,74.068844,74.068844,74.068844,74.068844,74.068844,74.068844,74.068844,72.926638,65.044376,65.044376,65.044376,65.044376,65.044376,65.044376,65.044376,65.044376,65.044376,65.044376,65.044376,65.044376,65.044376,65.044376,65.044376,65.044376,65.044376,65.044376,65.044376,0,0,0,0,0,0,0,0,0,0,0,0,0,0,0,0,0,0,0,0,10,10,10,10,10,10,10,10,10,10,10,10,10,10,10,10,10,10,10,10,0,0,0,0,0,0,0,0,0,0,0,0,0,0,0,0,0,0,0,0
80.369788,81.776139,82.763998,80.132789,84.240049,81.159113,68.007138,66.916945,72.188032,75.539993,75.539993,75.539993,75.539993,75.539993,75.539993,75.539993,75.539993,75.539993,75.539993,75.539993,82.11288,72.252853,69.17029,65.890084,69.817368,64.419101,65.879432,55.829609,66.021351,68.332241,68.332241,68.332241,68.332241,68.332241,68.332241,68.332241,68.332241,68.332241,68.332241,68.332241,0,0,0,0,0,0,0,0,0,0,0,0,0,0,0,0,0,0,0,0,10,10,10,10,10,10,10,10,10,10,10,10,10,10,10,10,10,10,10,10,0,0,0,0,0,0,0,0,0,0,0,0,0,0,0,0,0,0,0,0
85.968937,91.211481,91.211481,91.211481,91.211481,91.211481,91.211481,91.211481,91.211481,91.211481,91.211481,91.211481,91.211481,91.211481,91.211481,91.211481,91.211481,91.211481,91.211481,91.211481,81.189229,77.928525,77.928525,77.928525,77.928525,77.928525,77.928525,77.928525,77.928525,77.928525,77.928525,77.928525,77.928525,77.928525,77.928525,77.928525,77.928525,77.928525,77.928525,77.928525,0,0,0,0,0,0,0,0,0,0,0,0,0,0,0,0,0,0,0,0,10,10,10,10,10,10,10,10,10,10,10,10,10,10,10,10,10,10,10,10,0,0,0,0,0,0,0,0,0,0,0,0,0,0,0,0,0,0,0,0
84.171395,91.538296,88.907583,90.861861,95.965387,101.289138,90.838428,96.159466,99.417341,104.877639,98.104329,99.876162,99.841056,99.815871,99.686099,99.600599,99.981624,100.355116,101.0,100.222793,90.610694,100.929073,75.256581,69.79818,66.206419,69.09453,72.805861,64.260188,58.304988,68.323836,63.554162,67.107021,59.768381,65.893112,50.891053,50.863326,51.154552,50.266696,50.846721,51.000708,50.449072,50.0,50.703773,55.938248,60.916591,42.990257,0,0,0,0,0,0,0,0,0,0,0,0,0,0,0,0,0,0,0,0,0,0,0,10,10,10,10,10,10,10,10,10,10,10,10,10,10,10,10,10,10,10,10,10,10,10,0,0,0,0,0,0,0,0,0,0,0,0,0,0,0,0,0,0,0,0,0,0,0
36.891702,29.762931,25.721013,28.342322,9.695097,19.081917,16.961018,34.814225,34.814225,34.814225,34.814225,34.814225,34.814225,34.814225,34.814225,34.814225,34.814225,34.814225,34.814225,34.814225,92.82262,83.801967,71.109612,72.506868,66.384858,64.218921,54.87093,83.927725,83.927725,83.927725,83.927725,83.927725,83.927725,83.927725,83.927725,83.927725,83.927725,83.927725,83.927725,83.927725,0,0,0,0,0,0,0,0,0,0,0,0,0,0,0,0,0,0,0,0,10,10,10,10,10,10,10,10,10,10,10,10,10,10,10,10,10,10,10,10,0,0,0,0,0,0,0,0,0,0,0,0,0,0,0,0,0,0,0,0
32.807358,38.41478,39.872858,31.38477,44.123054,34.970392,32.661312,38.755765,39.01859,34.365796,33.65964,20.451595,32.890663,43.113917,55.101727,66.29584,53.145511,53.145511,53.145511,53.145511,50.287727,59.219739,63.176229,59.363991,48.553156,58.962417,62.757049,61.68229,50.412706,62.996702,63.282841,57.218153,58.820881,60.100535,58.059549,61.806967,60.347475,60.347475,60.347475,60.347475,0,0,0,0,0,0,0,0,0,0,0,0,0,0,0,0,0,0,0,0,10,10,10,10,10,10,10,10,10,10,10,10,10,10,10,10,10,10,10,10,0,0,0,0,0,0,0,0,0,0,0,0,0,0,0,0,0,0,0,0
48.921687,44.506399,44.506399,44.506399,44.506399,44.506399,44.506399,44.506399,44.506399,44.506399,44.506399,44.506399,44.506399,44.506399,44.506399,44.506399,44.506399,44.506399,44.506399,44.506399,112.020124,102.408111,102.408111,102.408111,102.408111,102.408111,102.408111,102.408111,102.408111,102.408111,102.408111,102.408111,102.408111,102.408111,102.408111,102.408111,102.408111,102.408111,102.408111,102.408111,0,0,0,0,0,0,0,0,0,0,0,0,0,0,0,0,0,0,0,0,10,10,10,10,10,10,10,10,10,10,10,10,10,10,10,10,10,10,10,10,0,0,0,0,0,0,0,0,0,0,0,0,0,0,0,0,0,0,0,0
31.039567,24.27496,21.24448,29.793323,29.793323,29.793323,29.793323,29.793323,29.793323,29.793323,29.793323,29.793323,29.793323,29.793323,29.793323,29.793323,29.793323,29.793323,29.793323,29.793323,111.968122,109.618577,123.241954,118.142989,118.142989,118.142989,118.142989,118.142989,118.142989,118.142989,118.142989,118.142989,118.142989,118.142989,118.142989,118.142989,118.142989,118.142989,118.142989,118.142989,0,0,0,0,0,0,0,0,0,0,0,0,0,0,0,0,0,0,0,0,10,10,10,10,10,10,10,10,10,10,10,10,10,10,10,10,10,10,10,10,0,0,0,0,0,0,0,0,0,0,0,0,0,0,0,0,0,0,0,0
21.962801,14.138935,13.780491,24.585536,20.549858,14.334873,20.196973,24.011728,14.739636,19.6258,31.689102,31.689102,31.689102,31.689102,31.689102,31.689102,31.689102,31.689102,31.689102,31.689102,15.912462,12.860758,12.684994,15.792327,23.772103,23.830115,33.844257,39.820125,38.122921,27.975971,20.996507,20.996507,20.996507,20.996507,20.996507,20.996507,20.996507,20.996507,20.996507,20.996507,0,0,0,0,0,0,0,0,0,0,0,0,0,0,0,0,0,0,0,0,10,10,10,10,10,10,10,10,10,10,10,10,10,10,10,10,10,10,10,10,0,0,0,0,0,0,0,0,0,0,0,0,0,0,0,0,0,0,0,0
25.335596,20.907358,16.81925,16.81925,16.81925,16.81925,16.81925,16.81925,16.81925,16.81925,16.81925,16.81925,16.81925,16.81925,16.81925,16.81925,16.81925,16.81925,16.81925,16.81925,83.257025,77.406475,74.167094,74.167094,74.167094,74.167094,74.167094,74.167094,74.167094,74.167094,74.167094,74.167094,74.167094,74.167094,74.167094,74.167094,74.167094,74.167094,74.167094,74.167094,0,0,0,0,0,0,0,0,0,0,0,0,0,0,0,0,0,0,0,0,10,10,10,10,10,10,10,10,10,10,10,10,10,10,10,10,10,10,10,10,0,0,0,0,0,0,0,0,0,0,0,0,0,0,0,0,0,0,0,0
64.502303,58.117978,52.882021,61.368634,62.970265,62.970265,62.970265,62.970265,62.970265,62.970265,62.970265,62.970265,62.970265,62.970265,62.970265,62.970265,62.970265,62.970265,62.970265,62.970265,96.050253,95.997734,100.200987,99.953397,101.480535,101.480535,101.480535,101.480535,101.480535,101.480535,101.480535,101.480535,101.480535,101.480535,101.480535,101.480535,101.480535,101.480535,101.480535,101.480535,0,0,0,0,0,0,0,0,0,0,0,0,0,0,0,0,0,0,0,0,10,10,10,10,10,10,10,10,10,10,10,10,10,10,10,10,10,10,10,10,0,0,0,0,0,0,0,0,0,0,0,0,0,0,0,0,0,0,0,0
79.133777,88.943024,91.390435,101.553762,96.140454,95.966367,103.907932,103.907932,103.907932,103.907932,103.907932,103.907932,103.907932,103.907932,103.907932,103.907932,103.907932,103.907932,103.907932,103.907932,104.711749,102.004418,90.049251,81.254548,88.782284,81.042434,74.604495,74.604495,74.604495,74.604495,74.604495,74.604495,74.604495,74.604495,74.604495,74.604495,74.604495,74.604495,74.604495,74.604495,0,0,0,0,0,0,0,0,0,0,0,0,0,0,0,0,0,0,0,0,10,10,10,10,10,10,10,10,10,10,10,10,10,10,10,10,10,10,10,10,0,0,0,0,0,0,0,0,0,0,0,0,0,0,0,0,0,0,0,0
18.156638,4.946743,4.946743,4.946743,4.946743,4.946743,4.946743,4.946743,4.946743,4.946743,4.946743,4.946743,4.946743,4.946743,4.946743,4.946743,4.946743,4.946743,4.946743,4.946743,47.905524,49.985005,49.985005,49.985005,49.985005,49.985005,49.985005,49.985005,49.985005,49.985005,49.985005,49.985005,49.985005,49.985005,49.985005,49.985005,49.985005,49.985005,49.985005,49.985005,0,0,0,0,0,0,0,0,0,0,0,0,0,0,0,0,0,0,0,0,10,10,10,10,10,10,10,10,10,10,10,10,10,10,10,10,10,10,10,10,0,0,0,0,0,0,0,0,0,0,0,0,0,0,0,0,0,0,0,0
73.342806,71.570734,68.733333,63.917931,67.313313,67.313313,67.313313,67.313313,67.313313,67.313313,67.313313,67.313313,67.313313,67.313313,67.313313,67.313313,67.313313,67.313313,67.313313,67.313313,99.039597,91.185527,97.129903,104.900064,104.168529,104.168529,104.168529,104.168529,104.168529,104.168529,104.168529,104.168529,104.168529,104.168529,104.168529,104.168529,104.168529,104.168529,104.168529,104.168529,0,0,0,0,0,0,0,0,0,0,0,0,0,0,0,0,0,0,0,0,10,10,10,10,10,10,10,10,10,10,10,10,10,10,10,10,10,10,10,10,0,0,0,0,0,0,0,0,0,0,0,0,0,0,0,0,0,0,0,0
51.712999,41.087434,45.704696,49.834962,59.994949,54.630403,54.630403,54.630403,54.630403,54.630403,54.630403,54.630403,54.630403,54.630403,54.630403,54.630403,54.630403,54.630403,54.630403,54.630403,32.973776,29.821176,24.780535,32.376616,24.771935,26.998881,26.998881,26.998881,26.998881,26.998881,26.998881,26.998881,26.998881,26.998881,26.998881,26.998881,26.998881,26.998881,26.998881,26.998881,0,0,0,0,0,0,0,0,0,0,0,0,0,0,0,0,0,0,0,0,10,10,10,10,10,10,10,10,10,10,10,10,10,10,10,10,10,10,10,10,0,0,0,0,0,0,0,0,0,0,0,0,0,0,0,0,0,0,0,0
122.908254,127.0,127.0,127.0,127.0,127.0,127.0,127.0,127.0,127.0,127.0,127.0,127.0,127.0,127.0,127.0,127.0,127.0,127.0,127.0,44.046966,38.0,38.0,38.0,38.0,38.0,38.0,38.0,38.0,38.0,38.0,38.0,38.0,38.0,38.0,38.0,38.0,38.0,38.0,38.0,0,0,0,0,0,0,0,0,0,0,0,0,0,0,0,0,0,0,0,0,10,10,10,10,10,10,10,10,10,10,10,10,10,10,10,10,10,10,10,10,0,0,0,0,0,0,0,0,0,0,0,0,0,0,0,0,0,0,0,0
76.0,85.0,85.0,85.0,85.0,85.0,85.0,85.0,85.0,85.0,85.0,85.0,85.0,85.0,85.0,85.0,85.0,85.0,85.0,85.0,0.0,0.0,0.0,0.0,0.0,0.0,0.0,0.0,0.0,0.0,0.0,0.0,0.0,0.0,0.0,0.0,0.0,0.0,0.0,0.0,0,0,0,0,0,0,0,0,0,0,0,0,0,0,0,0,0,0,0,0,10,10,10,10,10,10,10,10,10,10,10,10,10,10,10,10,10,10,10,10,0,0,0,0,0,0,0,0,0,0,0,0,0,0,0,0,0,0,0,0
120.12088,127.0,123.105499,117.315976,119.345668,110.573551,110.573551,110.573551,110.573551,110.573551,110.573551,110.573551,110.573551,110.573551,110.573551,110.573551,110.573551,110.573551,110.573551,110.573551,17.740711,15.0,22.967851,17.327756,25.088273,22.860085,22.860085,22.860085,22.860085,22.860085,22.860085,22.860085,22.860085,22.860085,22.860085,22.860085,22.860085,22.860085,22.860085,22.860085,0,0,0,0,0,0,0,0,0,0,0,0,0,0,0,0,0,0,0,0,10,10,10,10,10,10,10,10,10,10,10,10,10,10,10,10,10,10,10,10,0,0,0,0,0,0,0,0,0,0,0,0,0,0,0,0,0,0,0,0
83.658599,88.725836,81.143361,82.827169,76.996801,76.996801,76.996801,76.996801,76.996801,76.996801,76.996801,76.996801,76.996801,76.996801,76.996801,76.996801,76.996801,76.996801,76.996801,76.996801,90.413647,88.80026,82.763474,74.156808,77.230307,77.230307,77.230307,77.230307,77.230307,77.230307,77.230307,77.230307,77.230307,77.230307,77.230307,77.230307,77.230307,77.230307,77.230307,77.230307,0,0,0,0,0,0,0,0,0,0,0,0,0,0,0,0,0,0,0,0,10,10,10,10,10,10,10,10,10,10,10,10,10,10,10,10,10,10,10,10,0,0,0,0,0,0,0,0,0,0,0,0,0,0,0,0,0,0,0,0
57.560311,49.891627,49.891627,49.891627,49.891627,49.891627,49.891627,49.891627,49.891627,49.891627,49.891627,49.891627,49.891627,49.891627,49.891627,49.891627,49.891627,49.891627,49.891627,49.891627,3.485031,2.008742,2.008742,2.008742,2.008742,2.008742,2.008742,2.008742,2.008742,2.008742,2.008742,2.008742,2.008742,2.008742,2.008742,2.008742,2.008742,2.008742,2.008742,2.008742,0,0,0,0,0,0,0,0,0,0,0,0,0,0,0,0,0,0,0,0,10,10,10,10,10,10,10,10,10,10,10,10,10,10,10,10,10,10,10,10,0,0,0,0,0,0,0,0,0,0,0,0,0,0,0,0,0,0,0,0
118.302911,113.098553,111.088087,113.993695,103.971267,111.142108,111.882876,118.072908,118.072908,118.072908,118.072908,118.072908,118.072908,118.072908,118.072908,118.072908,118.072908,118.072908,118.072908,118.072908,96.006772,97.917881,90.863612,96.783712,98.265091,103.12605,102.299142,95.906532,95.906532,95.906532,95.906532,95.906532,95.906532,95.906532,95.906532,95.906532,95.906532,95.906532,95.906532,95.906532,0,0,0,0,0,0,0,0,0,0,0,0,0,0,0,0,0,0,0,0,10,10,10,10,10,10,10,10,10,10,10,10,10,10,10,10,10,10,10,10,0,0,0,0,0,0,0,0,0,0,0,0,0,0,0,0,0,0,0,0
7.02956,3.314312,0.0,7.885712,0.0,13.069402,11.248166,8.141496,8.141496,8.141496,8.141496,8.141496,8.141496,8.141496,8.141496,8.141496,8.141496,8.141496,8.141496,8.141496,116.945807,114.906873,123.0,113.257371,104.0,109.140915,112.062118,117.964097,117.964097,117.964097,117.964097,117.964097,117.964097,117.964097,117.964097,117.964097,117.964097,117.964097,117.964097,117.964097,0,0,0,0,0,0,0,0,0,0,0,0,0,0,0,0,0,0,0,0,10,10,10,10,10,10,10,10,10,10,10,10,10,10,10,10,10,10,10,10,0,0,0,0,0,0,0,0,0,0,0,0,0,0,0,0,0,0,0,0
65.931386,57.141696,69.465444,63.209919,61.30017,64.0,64.0,64.0,64.0,64.0,64.0,64.0,64.0,64.0,64.0,64.0,64.0,64.0,64.0,64.0,7.760181,7.280733,6.978117,13.954754,8.655933,0.0,0.0,0.0,0.0,0.0,0.0,0.0,0.0,0.0,0.0,0.0,0.0,0.0,0.0,0.0,0,0,0,0,0,0,0,0,0,0,0,0,0,0,0,0,0,0,0,0,10,10,10,10,10,10,10,10,10,10,10,10,10,10,10,10,10,10,10,10,0,0,0,0,0,0,0,0,0,0,0,0,0,0,0,0,0,0,0,0
121.181256,122.0,127.0,127.0,127.0,127.0,127.0,127.0,127.0,127.0,127.0,127.0,127.0,127.0,127.0,127.0,127.0,127.0,127.0,127.0,118.39262,127.0,127.0,127.0,127.0,127.0,127.0,127.0,127.0,127.0,127.0,127.0,127.0,127.0,127.0,127.0,127.0,127.0,127.0,127.0,0,0,0,0,0,0,0,0,0,0,0,0,0,0,0,0,0,0,0,0,10,10,10,10,10,10,10,10,10,10,10,10,10,10,10,10,10,10,10,10,0,0,0,0,0,0,0,0,0,0,0,0,0,0,0,0,0,0,0,0
80.126288,87.932618,87.304505,89.044548,89.044548,89.044548,89.044548,89.044548,89.044548,89.044548,89.044548,89.044548,89.044548,89.044548,89.044548,89.044548,89.044548,89.044548,89.044548,89.044548,123.928762,111.256103,98.125434,93.861255,93.861255,93.861255,93.861255,93.861255,93.861255,93.861255,93.861255,93.861255,93.861255,93.861255,93.861255,93.861255,93.861255,93.861255,93.861255,93.861255,0,0,0,0,0,0,0,0,0,0,0,0,0,0,0,0,0,0,0,0,10,10,10,10,10,10,10,10,10,10,10,10,10,10,10,10,10,10,10,10,0,0,0,0,0,0,0,0,0,0,0,0,0,0,0,0,0,0,0,0
22.16474,15.982527,15.982527,15.982527,15.982527,15.982527,15.982527,15.982527,15.982527,15.982527,15.982527,15.982527,15.982527,15.982527,15.982527,15.982527,15.982527,15.982527,15.982527,15.982527,36.877825,30.298676,30.298676,30.298676,30.298676,30.298676,30.298676,30.298676,30.298676,30.298676,30.298676,30.298676,30.298676,30.298676,30.298676,30.298676,30.298676,30.298676,30.298676,30.298676,0,0,0,0,0,0,0,0,0,0,0,0,0,0,0,0,0,0,0,0,10,10,10,10,10,10,10,10,10,10,10,10,10,10,10,10,10,10,10,10,0,0,0,0,0,0,0,0,0,0,0,0,0,0,0,0,0,0,0,0
127.0,117.062966,117.062966,117.062966,117.062966,117.062966,117.062966,117.062966,117.062966,117.062966,117.062966,117.062966,117.062966,117.062966,117.062966,117.062966,117.062966,117.062966,117.062966,117.062966,110.0,105.962298,105.962298,105.962298,105.962298,105.962298,105.962298,105.962298,105.962298,105.962298,105.962298,105.962298,105.962298,105.962298,105.962298,105.962298,105.962298,105.962298,105.962298,105.962298,0,0,0,0,0,0,0,0,0,0,0,0,0,0,0,0,0,0,0,0,10,10,10,10,10,10,10,10,10,10,10,10,10,10,10,10,10,10,10,10,0,0,0,0,0,0,0,0,0,0,0,0,0,0,0,0,0,0,0,0
116.833907,116.889125,121.424428,116.328367,113.662799,116.248467,116.045805,116.401559,116.396425,115.869625,105.937948,100.962833,103.239042,106.40288,113.264794,112.905165,113.240634,112.853019,112.815204,99.024958,99.234061,69.119107,113.17759,69.601903,72.642341,98.300672,66.878432,62.918657,60.070599,61.390104,56.8141,61.708118,60.873953,61.305162,61.131387,60.770669,61.850506,58.334546,62.114057,50.220092,62.103518,61.546813,61.220363,61.012879,61.08015,51.060363,50.793952,42.195131,62.024952,58.793455,54.393224,50.808382,0,0,0,0,0,0,0,0,0,0,0,0,0,0,0,0,0,0,0,0,0,0,0,0,0,0,10,10,10,10,10,10,10,10,10,10,10,10,10,10,10,10,10,10,10,10,10,10,10,10,10,10,0,0,0,0,0,0,0,0,0,0,0,0,0,0,0,0,0,0,0,0,0,0,0,0,0,0
7.174079,6.910399,9.04838,4.031804,4.031804,4.031804,4.031804,4.031804,4.031804,4.031804,4.031804,4.031804,4.031804,4.031804,4.031804,4.031804,4.031804,4.031804,4.031804,4.031804,13.55048,16.107763,8.173117,7.07239,7.07239,7.07239,7.07239,7.07239,7.07239,7.07239,7.07239,7.07239,7.07239,7.07239,7.07239,7.07239,7.07239,7.07239,7.07239,7.07239,0,0,0,0,0,0,0,0,0,0,0,0,0,0,0,0,0,0,0,0,10,10,10,10,10,10,10,10,10,10,10,10,10,10,10,10,10,10,10,10,0,0,0,0,0,0,0,0,0,0,0,0,0,0,0,0,0,0,0,0
42.986556,45.955799,45.366401,51.272783,51.272783,51.272783,51.272783,51.272783,51.272783,51.272783,51.272783,51.272783,51.272783,51.272783,51.272783,51.272783,51.272783,51.272783,51.272783,51.272783,18.186509,18.699244,19.192118,24.182694,24.182694,24.182694,24.182694,24.182694,24.182694,24.182694,24.182694,24.182694,24.182694,24.182694,24.182694,24.182694,24.182694,24.182694,24.182694,24.182694,0,0,0,0,0,0,0,0,0,0,0,0,0,0,0,0,0,0,0,0,10,10,10,10,10,10,10,10,10,10,10,10,10,10,10,10,10,10,10,10,0,0,0,0,0,0,0,0,0,0,0,0,0,0,0,0,0,0,0,0
117.332294,115.918502,113.874344,119.999728,117.008397,102.837517,97.14869,97.14869,97.14869,97.14869,97.14869,97.14869,97.14869,97.14869,97.14869,97.14869,97.14869,97.14869,97.14869,97.14869,77.36465,88.053619,87.057474,98.643636,86.802721,88.141638,83.176723,83.176723,83.176723,83.176723,83.176723,83.176723,83.176723,83.176723,83.176723,83.176723,83.176723,83.176723,83.176723,83.176723,0,0,0,0,0,0,0,0,0,0,0,0,0,0,0,0,0,0,0,0,10,10,10,10,10,10,10,10,10,10,10,10,10,10,10,10,10,10,10,10,0,0,0,0,0,0,0,0,0,0,0,0,0,0,0,0,0,0,0,0
23.299848,23.343234,23.343234,23.343234,23.343234,23.343234,23.343234,23.343234,23.343234,23.343234,23.343234,23.343234,23.343234,23.343234,23.343234,23.343234,23.343234,23.343234,23.343234,23.343234,121.033568,120.032207,120.032207,120.032207,120.032207,120.032207,120.032207,120.032207,120.032207,120.032207,120.032207,120.032207,120.032207,120.032207,120.032207,120.032207,120.032207,120.032207,120.032207,120.032207,0,0,0,0,0,0,0,0,0,0,0,0,0,0,0,0,0,0,0,0,10,10,10,10,10,10,10,10,10,10,10,10,10,10,10,10,10,10,10,10,0,0,0,0,0,0,0,0,0,0,0,0,0,0,0,0,0,0,0,0
0.0,0.0,0.0,14.543854,14.543854,14.543854,14.543854,14.543854,14.543854,14.543854,14.543854,14.543854,14.543854,14.543854,14.543854,14.543854,14.543854,14.543854,14.543854,14.543854,78.0,90.0,90.0,89.516654,89.516654,89.516654,89.516654,89.516654,89.516654,89.516654,89.516654,89.516654,89.516654,89.516654,89.516654,89.516654,89.516654,89.516654,89.516654,89.516654,0,0,0,0,0,0,0,0,0,0,0,0,0,0,0,0,0,0,0,0,10,10,10,10,10,10,10,10,10,10,10,10,10,10,10,10,10,10,10,10,0,0,0,0,0,0,0,0,0,0,0,0,0,0,0,0,0,0,0,0
39.910935,35.348627,35.769029,42.789312,42.789312,42.789312,42.789312,42.789312,42.789312,42.789312,42.789312,42.789312,42.789312,42.789312,42.789312,42.789312,42.789312,42.789312,42.789312,42.789312,65.930193,75.938305,71.227051,76.809556,76.809556,76.809556,76.809556,76.809556,76.809556,76.809556,76.809556,76.809556,76.809556,76.809556,76.809556,76.809556,76.809556,76.809556,76.809556,76.809556,0,0,0,0,0,0,0,0,0,0,0,0,0,0,0,0,0,0,0,0,10,10,10,10,10,10,10,10,10,10,10,10,10,10,10,10,10,10,10,10,0,0,0,0,0,0,0,0,0,0,0,0,0,0,0,0,0,0,0,0
0.0,0.0,2.252589,2.252589,2.252589,2.252589,2.252589,2.252589,2.252589,2.252589,2.252589,2.252589,2.252589,2.252589,2.252589,2.252589,2.252589,2.252589,2.252589,2.252589,55.0,59.0,61.318415,61.318415,61.318415,61.318415,61.318415,61.318415,61.318415,61.318415,61.318415,61.318415,61.318415,61.318415,61.318415,61.318415,61.318415,61.318415,61.318415,61.318415,0,0,0,0,0,0,0,0,0,0,0,0,0,0,0,0,0,0,0,0,10,10,10,10,10,10,10,10,10,10,10,10,10,10,10,10,10,10,10,10,0,0,0,0,0,0,0,0,0,0,0,0,0,0,0,0,0,0,0,0
51.053668,54.334947,62.928349,62.928349,62.928349,62.928349,62.928349,62.928349,62.928349,62.928349,62.928349,62.928349,62.928349,62.928349,62.928349,62.928349,62.928349,62.928349,62.928349,62.928349,76.048879,70.186055,76.145083,76.145083,76.145083,76.145083,76.145083,76.145083,76.145083,76.145083,76.145083,76.145083,76.145083,76.145083,76.145083,76.145083,76.145083,76.145083,76.145083,76.145083,0,0,0,0,0,0,0,0,0,0,0,0,0,0,0,0,0,0,0,0,10,10,10,10,10,10,10,10,10,10,10,10,10,10,10,10,10,10,10,10,0,0,0,0,0,0,0,0,0,0,0,0,0,0,0,0,0,0,0,0
13.471479,17.163014,18.951485,16.078552,20.266061,20.266061,20.266061,20.266061,20.266061,20.266061,20.266061,20.266061,20.266061,20.266061,20.266061,20.266061,20.266061,20.266061,20.266061,20.266061,107.430239,100.478035,107.215349,101.560159,105.1956,105.1956,105.1956,105.1956,105.1956,105.1956,105.1956,105.1956,105.1956,105.1956,105.1956,105.1956,105.1956,105.1956,105.1956,105.1956,0,0,0,0,0,0,0,0,0,0,0,0,0,0,0,0,0,0,0,0,10,10,10,10,10,10,10,10,10,10,10,10,10,10,10,10,10,10,10,10,0,0,0,0,0,0,0,0,0,0,0,0,0,0,0,0,0,0,0,0
15.725949,13.690584,13.690584,13.690584,13.690584,13.690584,13.690584,13.690584,13.690584,13.690584,13.690584,13.690584,13.690584,13.690584,13.690584,13.690584,13.690584,13.690584,13.690584,13.690584,94.807483,92.911151,92.911151,92.911151,92.911151,92.911151,92.911151,92.911151,92.911151,92.911151,92.911151,92.911151,92.911151,92.911151,92.911151,92.911151,92.911151,92.911151,92.911151,92.911151,0,0,0,0,0,0,0,0,0,0,0,0,0,0,0,0,0,0,0,0,10,10,10,10,10,10,10,10,10,10,10,10,10,10,10,10,10,10,10,10,0,0,0,0,0,0,0,0,0,0,0,0,0,0,0,0,0,0,0,0
61.11429,49.920427,62.280684,65.067688,65.067688,65.067688,65.067688,65.067688,65.067688,65.067688,65.067688,65.067688,65.067688,65.067688,65.067688,65.067688,65.067688,65.067688,65.067688,65.067688,83.663142,76.225801,82.894864,94.880838,94.880838,94.880838,94.880838,94.880838,94.880838,94.880838,94.880838,94.880838,94.880838,94.880838,94.880838,94.880838,94.880838,94.880838,94.880838,94.880838,0,0,0,0,0,0,0,0,0,0,0,0,0,0,0,0,0,0,0,0,10,10,10,10,10,10,10,10,10,10,10,10,10,10,10,10,10,10,10,10,0,0,0,0,0,0,0,0,0,0,0,0,0,0,0,0,0,0,0,0
28.701538,25.90436,23.024192,23.024192,23.024192,23.024192,23.024192,23.024192,23.024192,23.024192,23.024192,23.024192,23.024192,23.024192,23.024192,23.024192,23.024192,23.024192,23.024192,23.024192,75.440965,75.126238,76.009097,76.009097,76.009097,76.009097,76.009097,76.009097,76.009097,76.009097,76.009097,76.009097,76.009097,76.009097,76.009097,76.009097,76.009097,76.009097,76.009097,76.009097,0,0,0,0,0,0,0,0,0,0,0,0,0,0,0,0,0,0,0,0,10,10,10,10,10,10,10,10,10,10,10,10,10,10,10,10,10,10,10,10,0,0,0,0,0,0,0,0,0,0,0,0,0,0,0,0,0,0,0,0
69.0,66.874512,65.779045,67.939674,67.939674,67.939674,67.939674,67.939674,67.939674,67.939674,67.939674,67.939674,67.939674,67.939674,67.939674,67.939674,67.939674,67.939674,67.939674,67.939674,127.0,122.933538,114.199561,113.430177,113.430177,113.430177,113.430177,113.430177,113.430177,113.430177,113.430177,113.430177,113.430177,113.430177,113.430177,113.430177,113.430177,113.430177,113.430177,113.430177,0,0,0,0,0,0,0,0,0,0,0,0,0,0,0,0,0,0,0,0,10,10,10,10,10,10,10,10,10,10,10,10,10,10,10,10,10,10,10,10,0,0,0,0,0,0,0,0,0,0,0,0,0,0,0,0,0,0,0,0
28.068548,26.184415,26.184415,26.184415,26.184415,26.184415,26.184415,26.184415,26.184415,26.184415,26.184415,26.184415,26.184415,26.184415,26.184415,26.184415,26.184415,26.184415,26.184415,26.184415,106.269226,108.636451,108.636451,108.636451,108.636451,108.636451,108.636451,108.636451,108.636451,108.636451,108.636451,108.636451,108.636451,108.636451,108.636451,108.636451,108.636451,108.636451,108.636451,108.636451,0,0,0,0,0,0,0,0,0,0,0,0,0,0,0,0,0,0,0,0,10,10,10,10,10,10,10,10,10,10,10,10,10,10,10,10,10,10,10,10,0,0,0,0,0,0,0,0,0,0,0,0,0,0,0,0,0,0,0,0
30.698924,40.773883,32.587059,32.587059,32.587059,32.587059,32.587059,32.587059,32.587059,32.587059,32.587059,32.587059,32.587059,32.587059,32.587059,32.587059,32.587059,32.587059,32.587059,32.587059,95.124555,95.714447,91.100218,91.100218,91.100218,91.100218,91.100218,91.100218,91.100218,91.100218,91.100218,91.100218,91.100218,91.100218,91.100218,91.100218,91.100218,91.100218,91.100218,91.100218,0,0,0,0,0,0,0,0,0,0,0,0,0,0,0,0,0,0,0,0,10,10,10,10,10,10,10,10,10,10,10,10,10,10,10,10,10,10,10,10,0,0,0,0,0,0,0,0,0,0,0,0,0,0,0,0,0,0,0,0
47.0,46.784046,56.610717,47.876158,47.0,51.644981,61.987767,54.514364,46.891013,52.171068,52.171068,52.171068,52.171068,52.171068,52.171068,52.171068,52.171068,52.171068,52.171068,52.171068,0.0,3.756511,4.088755,10.084474,0.0,2.90954,4.269299,10.806453,14.181276,7.186824,7.186824,7.186824,7.186824,7.186824,7.186824,7.186824,7.186824,7.186824,7.186824,7.186824,0,0,0,0,0,0,0,0,0,0,0,0,0,0,0,0,0,0,0,0,10,10,10,10,10,10,10,10,10,10,10,10,10,10,10,10,10,10,10,10,0,0,0,0,0,0,0,0,0,0,0,0,0,0,0,0,0,0,0,0
12.148656,0.0,0.0,0.0,0.0,0.0,0.0,0.0,0.0,0.0,0.0,0.0,0.0,0.0,0.0,0.0,0.0,0.0,0.0,0.0,83.320961,75.0,75.0,75.0,75.0,75.0,75.0,75.0,75.0,75.0,75.0,75.0,75.0,75.0,75.0,75.0,75.0,75.0,75.0,75.0,0,0,0,0,0,0,0,0,0,0,0,0,0,0,0,0,0,0,0,0,10,10,10,10,10,10,10,10,10,10,10,10,10,10,10,10,10,10,10,10,0,0,0,0,0,0,0,0,0,0,0,0,0,0,0,0,0,0,0,0
54.15547,57.180956,70.546496,70.546496,70.546496,70.546496,70.546496,70.546496,70.546496,70.546496,70.546496,70.546496,70.546496,70.546496,70.546496,70.546496,70.546496,70.546496,70.546496,70.546496,8.755042,11.375842,13.111953,13.111953,13.111953,13.111953,13.111953,13.111953,13.111953,13.111953,13.111953,13.111953,13.111953,13.111953,13.111953,13.111953,13.111953,13.111953,13.111953,13.111953,0,0,0,0,0,0,0,0,0,0,0,0,0,0,0,0,0,0,0,0,10,10,10,10,10,10,10,10,10,10,10,10,10,10,10,10,10,10,10,10,0,0,0,0,0,0,0,0,0,0,0,0,0,0,0,0,0,0,0,0
91.0,91.0,91.0,91.0,91.0,91.0,91.0,91.0,91.0,91.0,91.0,91.0,91.0,91.0,91.0,91.0,91.0,91.0,91.0,91.0,0.0,0.0,0.0,0.0,0.0,0.0,0.0,0.0,0.0,0.0,0.0,0.0,0.0,0.0,0.0,0.0,0.0,0.0,0.0,0.0,0,0,0,0,0,0,0,0,0,0,0,0,0,0,0,0,0,0,0,0,10,10,10,10,10,10,10,10,10,10,10,10,10,10,10,10,10,10,10,10,0,0,0,0,0,0,0,0,0,0,0,0,0,0,0,0,0,0,0,0
78.0,82.22036,82.22036,82.22036,82.22036,82.22036,82.22036,82.22036,82.22036,82.22036,82.22036,82.22036,82.22036,82.22036,82.22036,82.22036,82.22036,82.22036,82.22036,82.22036,0.0,8.805595,8.805595,8.805595,8.805595,8.805595,8.805595,8.805595,8.805595,8.805595,8.805595,8.805595,8.805595,8.805595,8.805595,8.805595,8.805595,8.805595,8.805595,8.805595,0,0,0,0,0,0,0,0,0,0,0,0,0,0,0,0,0,0,0,0,10,10,10,10,10,10,10,10,10,10,10,10,10,10,10,10,10,10,10,10,0,0,0,0,0,0,0,0,0,0,0,0,0,0,0,0,0,0,0,0
79.106172,73.579856,81.511645,93.056599,98.884977,98.884977,98.884977,98.884977,98.884977,98.884977,98.884977,98.884977,98.884977,98.884977,98.884977,98.884977,98.884977,98.884977,98.884977,98.884977,84.753286,93.985848,98.035322,90.252153,89.752864,89.752864,89.752864,89.752864,89.752864,89.752864,89.752864,89.752864,89.752864,89.752864,89.752864,89.752864,89.752864,89.752864,89.752864,89.752864,0,0,0,0,0,0,0,0,0,0,0,0,0,0,0,0,0,0,0,0,10,10,10,10,10,10,10,10,10,10,10,10,10,10,10,10,10,10,10,10,0,0,0,0,0,0,0,0,0,0,0,0,0,0,0,0,0,0,0,0
52.02732,38.771635,44.397497,41.711441,41.711441,41.711441,41.711441,41.711441,41.711441,41.711441,41.711441,41.711441,41.711441,41.711441,41.711441,41.711441,41.711441,41.711441,41.711441,41.711441,46.678633,45.041906,39.292422,42.864628,42.864628,42.864628,42.864628,42.864628,42.864628,42.864628,42.864628,42.864628,42.864628,42.864628,42.864628,42.864628,42.864628,42.864628,42.864628,42.864628,0,0,0,0,0,0,0,0,0,0,0,0,0,0,0,0,0,0,0,0,10,10,10,10,10,10,10,10,10,10,10,10,10,10,10,10,10,10,10,10,0,0,0,0,0,0,0,0,0,0,0,0,0,0,0,0,0,0,0,0
45.067193,52.073941,47.79662,38.115258,32.130224,30.247337,30.247337,30.247337,30.247337,30.247337,30.247337,30.247337,30.247337,30.247337,30.247337,30.247337,30.247337,30.247337,30.247337,30.247337,76.003579,68.14737,72.293209,67.036228,60.780063,59.703645,59.703645,59.703645,59.703645,59.703645,59.703645,59.703645,59.703645,59.703645,59.703645,59.703645,59.703645,59.703645,59.703645,59.703645,0,0,0,0,0,0,0,0,0,0,0,0,0,0,0,0,0,0,0,0,10,10,10,10,10,10,10,10,10,10,10,10,10,10,10,10,10,10,10,10,0,0,0,0,0,0,0,0,0,0,0,0,0,0,0,0,0,0,0,0
77.915944,87.018115,80.304853,88.211451,88.83729,88.83729,88.83729,88.83729,88.83729,88.83729,88.83729,88.83729,88.83729,88.83729,88.83729,88.83729,88.83729,88.83729,88.83729,88.83729,53.633775,44.080832,57.109116,62.926688,57.952681,57.952681,57.952681,57.952681,57.952681,57.952681,57.952681,57.952681,57.952681,57.952681,57.952681,57.952681,57.952681,57.952681,57.952681,57.952681,0,0,0,0,0,0,0,0,0,0,0,0,0,0,0,0,0,0,0,0,10,10,10,10,10,10,10,10,10,10,10,10,10,10,10,10,10,10,10,10,0,0,0,0,0,0,0,0,0,0,0,0,0,0,0,0,0,0,0,0
30.825992,40.215595,39.792753,28.70641,27.099,22.039965,39.911871,16.057789,14.69409,20.39025,14.585913,14.585913,14.585913,14.585913,14.585913,14.585913,14.585913,14.585913,14.585913,14.585913,43.914919,35.965617,36.882141,29.784836,37.076167,34.199437,33.964817,34.859053,49.968093,44.863739,35.656297,35.656297,35.656297,35.656297,35.656297,35.656297,35.656297,35.656297,35.656297,35.656297,0,0,0,0,0,0,0,0,0,0,0,0,0,0,0,0,0,0,0,0,10,10,10,10,10,10,10,10,10,10,10,10,10,10,10,10,10,10,10,10,0,0,0,0,0,0,0,0,0,0,0,0,0,0,0,0,0,0,0,0
14.536327,12.994194,25.774135,25.774135,25.774135,25.774135,25.774135,25.774135,25.774135,25.774135,25.774135,25.774135,25.774135,25.774135,25.774135,25.774135,25.774135,25.774135,25.774135,25.774135,78.558109,80.367044,77.255866,77.255866,77.255866,77.255866,77.255866,77.255866,77.255866,77.255866,77.255866,77.255866,77.255866,77.255866,77.255866,77.255866,77.255866,77.255866,77.255866,77.255866,0,0,0,0,0,0,0,0,0,0,0,0,0,0,0,0,0,0,0,0,10,10,10,10,10,10,10,10,10,10,10,10,10,10,10,10,10,10,10,10,0,0,0,0,0,0,0,0,0,0,0,0,0,0,0,0,0,0,0,0
105.956267,111.986,111.986,111.986,111.986,111.986,111.986,111.986,111.986,111.986,111.986,111.986,111.986,111.986,111.986,111.986,111.986,111.986,111.986,111.986,36.997304,35.913631,35.913631,35.913631,35.913631,35.913631,35.913631,35.913631,35.913631,35.913631,35.913631,35.913631,35.913631,35.913631,35.913631,35.913631,35.913631,35.913631,35.913631,35.913631,0,0,0,0,0,0,0,0,0,0,0,0,0,0,0,0,0,0,0,0,10,10,10,10,10,10,10,10,10,10,10,10,10,10,10,10,10,10,10,10,0,0,0,0,0,0,0,0,0,0,0,0,0,0,0,0,0,0,0,0
112.324184,127.0,127.0,124.17414,124.17414,124.17414,124.17414,124.17414,124.17414,124.17414,124.17414,124.17414,124.17414,124.17414,124.17414,124.17414,124.17414,124.17414,124.17414,124.17414,89.193534,87.0,92.0,100.727458,100.727458,100.727458,100.727458,100.727458,100.727458,100.727458,100.727458,100.727458,100.727458,100.727458,100.727458,100.727458,100.727458,100.727458,100.727458,100.727458,0,0,0,0,0,0,0,0,0,0,0,0,0,0,0,0,0,0,0,0,10,10,10,10,10,10,10,10,10,10,10,10,10,10,10,10,10,10,10,10,0,0,0,0,0,0,0,0,0,0,0,0,0,0,0,0,0,0,0,0
2.914867,8.28484,8.28484,8.28484,8.28484,8.28484,8.28484,8.28484,8.28484,8.28484,8.28484,8.28484,8.28484,8.28484,8.28484,8.28484,8.28484,8.28484,8.28484,8.28484,20.621851,14.866575,14.866575,14.866575,14.866575,14.866575,14.866575,14.866575,14.866575,14.866575,14.866575,14.866575,14.866575,14.866575,14.866575,14.866575,14.866575,14.866575,14.866575,14.866575,0,0,0,0,0,0,0,0,0,0,0,0,0,0,0,0,0,0,0,0,10,10,10,10,10,10,10,10,10,10,10,10,10,10,10,10,10,10,10,10,0,0,0,0,0,0,0,0,0,0,0,0,0,0,0,0,0,0,0,0
64.356895,66.862387,58.768134,58.967358,45.64442,56.245975,56.809042,53.85731,59.128987,59.128987,59.128987,59.128987,59.128987,59.128987,59.128987,59.128987,59.128987,59.128987,59.128987,59.128987,65.771095,56.03296,48.536066,48.101689,53.120375,45.119436,38.931495,26.637457,24.71675,24.71675,24.71675,24.71675,24.71675,24.71675,24.71675,24.71675,24.71675,24.71675,24.71675,24.71675,0,0,0,0,0,0,0,0,0,0,0,0,0,0,0,0,0,0,0,0,10,10,10,10,10,10,10,10,10,10,10,10,10,10,10,10,10,10,10,10,0,0,0,0,0,0,0,0,0,0,0,0,0,0,0,0,0,0,0,0
112.984158,106.167758,108.705588,108.705588,108.705588,108.705588,108.705588,108.705588,108.705588,108.705588,108.705588,108.705588,108.705588,108.705588,108.705588,108.705588,108.705588,108.705588,108.705588,108.705588,97.665198,110.236468,108.043266,108.043266,108.043266,108.043266,108.043266,108.043266,108.043266,108.043266,108.043266,108.043266,108.043266,108.043266,108.043266,108.043266,108.043266,108.043266,108.043266,108.043266,0,0,0,0,0,0,0,0,0,0,0,0,0,0,0,0,0,0,0,0,10,10,10,10,10,10,10,10,10,10,10,10,10,10,10,10,10,10,10,10,0,0,0,0,0,0,0,0,0,0,0,0,0,0,0,0,0,0,0,0
10.975912,21.0,12.413328,12.413328,12.413328,12.413328,12.413328,12.413328,12.413328,12.413328,12.413328,12.413328,12.413328,12.413328,12.413328,12.413328,12.413328,12.413328,12.413328,12.413328,117.270096,127.0,119.333798,119.333798,119.333798,119.333798,119.333798,119.333798,119.333798,119.333798,119.333798,119.333798,119.333798,119.333798,119.333798,119.333798,119.333798,119.333798,119.333798,119.333798,0,0,0,0,0,0,0,0,0,0,0,0,0,0,0,0,0,0,0,0,10,10,10,10,10,10,10,10,10,10,10,10,10,10,10,10,10,10,10,10,0,0,0,0,0,0,0,0,0,0,0,0,0,0,0,0,0,0,0,0
16.6702,10.108626,2.846913,1.872629,0.0,0.0,0.0,0.0,0.0,0.0,0.0,0.0,0.0,0.0,0.0,0.0,0.0,0.0,0.0,0.0,104.879782,99.692909,104.055365,104.039398,116.0,116.0,116.0,116.0,116.0,116.0,116.0,116.0,116.0,116.0,116.0,116.0,116.0,116.0,116.0,116.0,0,0,0,0,0,0,0,0,0,0,0,0,0,0,0,0,0,0,0,0,10,10,10,10,10,10,10,10,10,10,10,10,10,10,10,10,10,10,10,10,0,0,0,0,0,0,0,0,0,0,0,0,0,0,0,0,0,0,0,0
19.004475,26.070862,32.932658,27.752251,14.985553,23.040532,21.865098,21.865098,21.865098,21.865098,21.865098,21.865098,21.865098,21.865098,21.865098,21.865098,21.865098,21.865098,21.865098,21.865098,115.272314,115.796072,114.320316,111.111977,110.915856,119.701475,108.040441,108.040441,108.040441,108.040441,108.040441,108.040441,108.040441,108.040441,108.040441,108.040441,108.040441,108.040441,108.040441,108.040441,0,0,0,0,0,0,0,0,0,0,0,0,0,0,0,0,0,0,0,0,10,10,10,10,10,10,10,10,10,10,10,10,10,10,10,10,10,10,10,10,0,0,0,0,0,0,0,0,0,0,0,0,0,0,0,0,0,0,0,0
55.777647,59.541407,59.541407,59.541407,59.541407,59.541407,59.541407,59.541407,59.541407,59.541407,59.541407,59.541407,59.541407,59.541407,59.541407,59.541407,59.541407,59.541407,59.541407,59.541407,35.677784,42.189609,42.189609,42.189609,42.189609,42.189609,42.189609,42.189609,42.189609,42.189609,42.189609,42.189609,42.189609,42.189609,42.189609,42.189609,42.189609,42.189609,42.189609,42.189609,0,0,0,0,0,0,0,0,0,0,0,0,0,0,0,0,0,0,0,0,10,10,10,10,10,10,10,10,10,10,10,10,10,10,10,10,10,10,10,10,0,0,0,0,0,0,0,0,0,0,0,0,0,0,0,0,0,0,0,0
66.299844,67.42862,71.360322,71.360322,71.360322,71.360322,71.360322,71.360322,71.360322,71.360322,71.360322,71.360322,71.360322,71.360322,71.360322,71.360322,71.360322,71.360322,71.360322,71.360322,35.771886,39.804348,35.104747,35.104747,35.104747,35.104747,35.104747,35.104747,35.104747,35.104747,35.104747,35.104747,35.104747,35.104747,35.104747,35.104747,35.104747,35.104747,35.104747,35.104747,0,0,0,0,0,0,0,0,0,0,0,0,0,0,0,0,0,0,0,0,10,10,10,10,10,10,10,10,10,10,10,10,10,10,10,10,10,10,10,10,0,0,0,0,0,0,0,0,0,0,0,0,0,0,0,0,0,0,0,0
63.230278,69.009128,63.570412,63.570412,63.570412,63.570412,63.570412,63.570412,63.570412,63.570412,63.570412,63.570412,63.570412,63.570412,63.570412,63.570412,63.570412,63.570412,63.570412,63.570412,15.897413,17.980304,25.279904,25.279904,25.279904,25.279904,25.279904,25.279904,25.279904,25.279904,25.279904,25.279904,25.279904,25.279904,25.279904,25.279904,25.279904,25.279904,25.279904,25.279904,0,0,0,0,0,0,0,0,0,0,0,0,0,0,0,0,0,0,0,0,10,10,10,10,10,10,10,10,10,10,10,10,10,10,10,10,10,10,10,10,0,0,0,0,0,0,0,0,0,0,0,0,0,0,0,0,0,0,0,0
13.360513,5.0,9.0,9.0,9.0,9.0,9.0,9.0,9.0,9.0,9.0,9.0,9.0,9.0,9.0,9.0,9.0,9.0,9.0,9.0,3.772788,0.0,0.0,0.0,0.0,0.0,0.0,0.0,0.0,0.0,0.0,0.0,0.0,0.0,0.0,0.0,0.0,0.0,0.0,0.0,0,0,0,0,0,0,0,0,0,0,0,0,0,0,0,0,0,0,0,0,10,10,10,10,10,10,10,10,10,10,10,10,10,10,10,10,10,10,10,10,0,0,0,0,0,0,0,0,0,0,0,0,0,0,0,0,0,0,0,0
14.021931,23.987277,23.987277,23.987277,23.987277,23.987277,23.987277,23.987277,23.987277,23.987277,23.987277,23.987277,23.987277,23.987277,23.987277,23.987277,23.987277,23.987277,23.987277,23.987277,12.077415,2.537408,2.537408,2.537408,2.537408,2.537408,2.537408,2.537408,2.537408,2.537408,2.537408,2.537408,2.537408,2.537408,2.537408,2.537408,2.537408,2.537408,2.537408,2.537408,0,0,0,0,0,0,0,0,0,0,0,0,0,0,0,0,0,0,0,0,10,10,10,10,10,10,10,10,10,10,10,10,10,10,10,10,10,10,10,10,0,0,0,0,0,0,0,0,0,0,0,0,0,0,0,0,0,0,0,0
64.073426,62.525435,62.525435,62.525435,62.525435,62.525435,62.525435,62.525435,62.525435,62.525435,62.525435,62.525435,62.525435,62.525435,62.525435,62.525435,62.525435,62.525435,62.525435,62.525435,109.719212,101.899626,101.899626,101.899626,101.899626,101.899626,101.899626,101.899626,101.899626,101.899626,101.899626,101.899626,101.899626,101.899626,101.899626,101.899626,101.899626,101.899626,101.899626,101.899626,0,0,0,0,0,0,0,0,0,0,0,0,0,0,0,0,0,0,0,0,10,10,10,10,10,10,10,10,10,10,10,10,10,10,10,10,10,10,10,10,0,0,0,0,0,0,0,0,0,0,0,0,0,0,0,0,0,0,0,0
98.944893,105.401914,105.401914,105.401914,105.401914,105.401914,105.401914,105.401914,105.401914,105.401914,105.401914,105.401914,105.401914,105.401914,105.401914,105.401914,105.401914,105.401914,105.401914,105.401914,11.019569,16.268614,16.268614,16.268614,16.268614,16.268614,16.268614,16.268614,16.268614,16.268614,16.268614,16.268614,16.268614,16.268614,16.268614,16.268614,16.268614,16.268614,16.268614,16.268614,0,0,0,0,0,0,0,0,0,0,0,0,0,0,0,0,0,0,0,0,10,10,10,10,10,10,10,10,10,10,10,10,10,10,10,10,10,10,10,10,0,0,0,0,0,0,0,0,0,0,0,0,0,0,0,0,0,0,0,0
49.917374,53.242978,47.005416,59.036988,60.118503,60.118503,60.118503,60.118503,60.118503,60.118503,60.118503,60.118503,60.118503,60.118503,60.118503,60.118503,60.118503,60.118503,60.118503,60.118503,98.358594,102.348837,101.917158,102.906298,106.920006,106.920006,106.920006,106.920006,106.920006,106.920006,106.920006,106.920006,106.920006,106.920006,106.920006,106.920006,106.920006,106.920006,106.920006,106.920006,0,0,0,0,0,0,0,0,0,0,0,0,0,0,0,0,0,0,0,0,10,10,10,10,10,10,10,10,10,10,10,10,10,10,10,10,10,10,10,10,0,0,0,0,0,0,0,0,0,0,0,0,0,0,0,0,0,0,0,0
93.18863,93.909147,104.758979,96.81073,105.01509,99.404223,99.211734,97.023094,98.919186,98.919186,98.919186,98.919186,98.919186,98.919186,98.919186,98.919186,98.919186,98.919186,98.919186,98.919186,72.349156,63.828967,67.107373,77.909684,77.953015,89.82991,80.552547,73.925404,69.973881,69.973881,69.973881,69.973881,69.973881,69.973881,69.973881,69.973881,69.973881,69.973881,69.973881,69.973881,0,0,0,0,0,0,0,0,0,0,0,0,0,0,0,0,0,0,0,0,10,10,10,10,10,10,10,10,10,10,10,10,10,10,10,10,10,10,10,10,0,0,0,0,0,0,0,0,0,0,0,0,0,0,0,0,0,0,0,0
71.658428,82.083154,88.06541,82.980286,88.812057,88.812057,88.812057,88.812057,88.812057,88.812057,88.812057,88.812057,88.812057,88.812057,88.812057,88.812057,88.812057,88.812057,88.812057,88.812057,77.390692,71.982734,70.752335,69.561316,73.309819,73.309819,73.309819,73.309819,73.309819,73.309819,73.309819,73.309819,73.309819,73.309819,73.309819,73.309819,73.309819,73.309819,73.309819,73.309819,0,0,0,0,0,0,0,0,0,0,0,0,0,0,0,0,0,0,0,0,10,10,10,10,10,10,10,10,10,10,10,10,10,10,10,10,10,10,10,10,0,0,0,0,0,0,0,0,0,0,0,0,0,0,0,0,0,0,0,0
72.53996,79.674584,79.674584,79.674584,79.674584,79.674584,79.674584,79.674584,79.674584,79.674584,79.674584,79.674584,79.674584,79.674584,79.674584,79.674584,79.674584,79.674584,79.674584,79.674584,41.435087,49.952011,49.952011,49.952011,49.952011,49.952011,49.952011,49.952011,49.952011,49.952011,49.952011,49.952011,49.952011,49.952011,49.952011,49.952011,49.952011,49.952011,49.952011,49.952011,0,0,0,0,0,0,0,0,0,0,0,0,0,0,0,0,0,0,0,0,10,10,10,10,10,10,10,10,10,10,10,10,10,10,10,10,10,10,10,10,0,0,0,0,0,0,0,0,0,0,0,0,0,0,0,0,0,0,0,0
66.0,61.0,61.0,61.0,61.0,61.0,61.0,61.0,61.0,61.0,61.0,61.0,61.0,61.0,61.0,61.0,61.0,61.0,61.0,61.0,0.0,0.0,0.0,0.0,0.0,0.0,0.0,0.0,0.0,0.0,0.0,0.0,0.0,0.0,0.0,0.0,0.0,0.0,0.0,0.0,0,0,0,0,0,0,0,0,0,0,0,0,0,0,0,0,0,0,0,0,10,10,10,10,10,10,10,10,10,10,10,10,10,10,10,10,10,10,10,10,0,0,0,0,0,0,0,0,0,0,0,0,0,0,0,0,0,0,0,0
111.891347,119.065359,119.065359,119.065359,119.065359,119.065359,119.065359,119.065359,119.065359,119.065359,119.065359,119.065359,119.065359,119.065359,119.065359,119.065359,119.065359,119.065359,119.065359,119.065359,93.157204,83.209041,83.209041,83.209041,83.209041,83.209041,83.209041,83.209041,83.209041,83.209041,83.209041,83.209041,83.209041,83.209041,83.209041,83.209041,83.209041,83.209041,83.209041,83.209041,0,0,0,0,0,0,0,0,0,0,0,0,0,0,0,0,0,0,0,0,10,10,10,10,10,10,10,10,10,10,10,10,10,10,10,10,10,10,10,10,0,0,0,0,0,0,0,0,0,0,0,0,0,0,0,0,0,0,0,0
83.513913,85.048449,85.048449,85.048449,85.048449,85.048449,85.048449,85.048449,85.048449,85.048449,85.048449,85.048449,85.048449,85.048449,85.048449,85.048449,85.048449,85.048449,85.048449,85.048449,103.671509,97.280668,97.280668,97.280668,97.280668,97.280668,97.280668,97.280668,97.280668,97.280668,97.280668,97.280668,97.280668,97.280668,97.280668,97.280668,97.280668,97.280668,97.280668,97.280668,0,0,0,0,0,0,0,0,0,0,0,0,0,0,0,0,0,0,0,0,10,10,10,10,10,10,10,10,10,10,10,10,10,10,10,10,10,10,10,10,0,0,0,0,0,0,0,0,0,0,0,0,0,0,0,0,0,0,0,0
62.014907,64.915321,58.334514,56.010771,49.959267,49.959267,49.959267,49.959267,49.959267,49.959267,49.959267,49.959267,49.959267,49.959267,49.959267,49.959267,49.959267,49.959267,49.959267,49.959267,7.972683,12.380211,23.579942,14.946442,18.042271,18.042271,18.042271,18.042271,18.042271,18.042271,18.042271,18.042271,18.042271,18.042271,18.042271,18.042271,18.042271,18.042271,18.042271,18.042271,0,0,0,0,0,0,0,0,0,0,0,0,0,0,0,0,0,0,0,0,10,10,10,10,10,10,10,10,10,10,10,10,10,10,10,10,10,10,10,10,0,0,0,0,0,0,0,0,0,0,0,0,0,0,0,0,0,0,0,0
0.0,3.170029,4.082791,4.082791,4.082791,4.082791,4.082791,4.082791,4.082791,4.082791,4.082791,4.082791,4.082791,4.082791,4.082791,4.082791,4.082791,4.082791,4.082791,4.082791,30.0,36.929748,34.303958,34.303958,34.303958,34.303958,34.303958,34.303958,34.303958,34.303958,34.303958,34.303958,34.303958,34.303958,34.303958,34.303958,34.303958,34.303958,34.303958,34.303958,0,0,0,0,0,0,0,0,0,0,0,0,0,0,0,0,0,0,0,0,10,10,10,10,10,10,10,10,10,10,10,10,10,10,10,10,10,10,10,10,0,0,0,0,0,0,0,0,0,0,0,0,0,0,0,0,0,0,0,0
28.785897,39.844013,39.844013,39.844013,39.844013,39.844013,39.844013,39.844013,39.844013,39.844013,39.844013,39.844013,39.844013,39.844013,39.844013,39.844013,39.844013,39.844013,39.844013,39.844013,21.434688,25.834942,25.834942,25.834942,25.834942,25.834942,25.834942,25.834942,25.834942,25.834942,25.834942,25.834942,25.834942,25.834942,25.834942,25.834942,25.834942,25.834942,25.834942,25.834942,0,0,0,0,0,0,0,0,0,0,0,0,0,0,0,0,0,0,0,0,10,10,10,10,10,10,10,10,10,10,10,10,10,10,10,10,10,10,10,10,0,0,0,0,0,0,0,0,0,0,0,0,0,0,0,0,0,0,0,0
113.614204,111.986963,111.986963,111.986963,111.986963,111.986963,111.986963,111.986963,111.986963,111.986963,111.986963,111.986963,111.986963,111.986963,111.986963,111.986963,111.986963,111.986963,111.986963,111.986963,105.280075,96.858241,96.858241,96.858241,96.858241,96.858241,96.858241,96.858241,96.858241,96.858241,96.858241,96.858241,96.858241,96.858241,96.858241,96.858241,96.858241,96.858241,96.858241,96.858241,0,0,0,0,0,0,0,0,0,0,0,0,0,0,0,0,0,0,0,0,10,10,10,10,10,10,10,10,10,10,10,10,10,10,10,10,10,10,10,10,0,0,0,0,0,0,0,0,0,0,0,0,0,0,0,0,0,0,0,0
61.54986,54.053001,50.790398,50.790398,50.790398,50.790398,50.790398,50.790398,50.790398,50.790398,50.790398,50.790398,50.790398,50.790398,50.790398,50.790398,50.790398,50.790398,50.790398,50.790398,115.207919,116.285997,109.704456,109.704456,109.704456,109.704456,109.704456,109.704456,109.704456,109.704456,109.704456,109.704456,109.704456,109.704456,109.704456,109.704456,109.704456,109.704456,109.704456,109.704456,0,0,0,0,0,0,0,0,0,0,0,0,0,0,0,0,0,0,0,0,10,10,10,10,10,10,10,10,10,10,10,10,10,10,10,10,10,10,10,10,0,0,0,0,0,0,0,0,0,0,0,0,0,0,0,0,0,0,0,0
77.196018,71.594772,80.201326,71.134042,71.134042,71.134042,71.134042,71.134042,71.134042,71.134042,71.134042,71.134042,71.134042,71.134042,71.134042,71.134042,71.134042,71.134042,71.134042,71.134042,83.100268,92.127317,98.110568,103.224596,103.224596,103.224596,103.224596,103.224596,103.224596,103.224596,103.224596,103.224596,103.224596,103.224596,103.224596,103.224596,103.224596,103.224596,103.224596,103.224596,0,0,0,0,0,0,0,0,0,0,0,0,0,0,0,0,0,0,0,0,10,10,10,10,10,10,10,10,10,10,10,10,10,10,10,10,10,10,10,10,0,0,0,0,0,0,0,0,0,0,0,0,0,0,0,0,0,0,0,0
28.014502,23.227773,26.948195,26.948195,26.948195,26.948195,26.948195,26.948195,26.948195,26.948195,26.948195,26.948195,26.948195,26.948195,26.948195,26.948195,26.948195,26.948195,26.948195,26.948195,41.245518,41.89437,31.475569,31.475569,31.475569,31.475569,31.475569,31.475569,31.475569,31.475569,31.475569,31.475569,31.475569,31.475569,31.475569,31.475569,31.475569,31.475569,31.475569,31.475569,0,0,0,0,0,0,0,0,0,0,0,0,0,0,0,0,0,0,0,0,10,10,10,10,10,10,10,10,10,10,10,10,10,10,10,10,10,10,10,10,0,0,0,0,0,0,0,0,0,0,0,0,0,0,0,0,0,0,0,0
88.874315,93.990551,93.990551,93.990551,93.990551,93.990551,93.990551,93.990551,93.990551,93.990551,93.990551,93.990551,93.990551,93.990551,93.990551,93.990551,93.990551,93.990551,93.990551,93.990551,80.832913,73.155953,73.155953,73.155953,73.155953,73.155953,73.155953,73.155953,73.155953,73.155953,73.155953,73.155953,73.155953,73.155953,73.155953,73.155953,73.155953,73.155953,73.155953,73.155953,0,0,0,0,0,0,0,0,0,0,0,0,0,0,0,0,0,0,0,0,10,10,10,10,10,10,10,10,10,10,10,10,10,10,10,10,10,10,10,10,0,0,0,0,0,0,0,0,0,0,0,0,0,0,0,0,0,0,0,0
9.892136,18.993838,29.327407,27.495854,14.078983,17.997278,11.085355,6.13601,6.219735,0.0,11.013159,11.013159,11.013159,11.013159,11.013159,11.013159,11.013159,11.013159,11.013159,11.013159,61.004127,68.822995,66.866244,76.177107,77.838919,78.27159,68.262081,54.942226,78.31184,78.0,67.171969,67.171969,67.171969,67.171969,67.171969,67.171969,67.171969,67.171969,67.171969,67.171969,0,0,0,0,0,0,0,0,0,0,0,0,0,0,0,0,0,0,0,0,10,10,10,10,10,10,10,10,10,10,10,10,10,10,10,10,10,10,10,10,0,0,0,0,0,0,0,0,0,0,0,0,0,0,0,0,0,0,0,0
69.777526,75.492642,85.176803,85.176803,85.176803,85.176803,85.176803,85.176803,85.176803,85.176803,85.176803,85.176803,85.176803,85.176803,85.176803,85.176803,85.176803,85.176803,85.176803,85.176803,122.387729,121.08231,123.097197,123.097197,123.097197,123.097197,123.097197,123.097197,123.097197,123.097197,123.097197,123.097197,123.097197,123.097197,123.097197,123.097197,123.097197,123.097197,123.097197,123.097197,0,0,0,0,0,0,0,0,0,0,0,0,0,0,0,0,0,0,0,0,10,10,10,10,10,10,10,10,10,10,10,10,10,10,10,10,10,10,10,10,0,0,0,0,0,0,0,0,0,0,0,0,0,0,0,0,0,0,0,0
65.846783,66.088285,66.088285,66.088285,66.088285,66.088285,66.088285,66.088285,66.088285,66.088285,66.088285,66.088285,66.088285,66.088285,66.088285,66.088285,66.088285,66.088285,66.088285,66.088285,48.084204,56.073588,56.073588,56.073588,56.073588,56.073588,56.073588,56.073588,56.073588,56.073588,56.073588,56.073588,56.073588,56.073588,56.073588,56.073588,56.073588,56.073588,56.073588,56.073588,0,0,0,0,0,0,0,0,0,0,0,0,0,0,0,0,0,0,0,0,10,10,10,10,10,10,10,10,10,10,10,10,10,10,10,10,10,10,10,10,0,0,0,0,0,0,0,0,0,0,0,0,0,0,0,0,0,0,0,0
79.677222,82.962206,84.171019,80.905409,83.681582,85.849959,86.322124,86.818725,91.026522,91.026522,91.026522,91.026522,91.026522,91.026522,91.026522,91.026522,91.026522,91.026522,91.026522,91.026522,119.529944,117.717227,120.697977,117.164915,115.239116,118.011767,104.663878,110.421915,120.916095,120.916095,120.916095,120.916095,120.916095,120.916095,120.916095,120.916095,120.916095,120.916095,120.916095,120.916095,0,0,0,0,0,0,0,0,0,0,0,0,0,0,0,0,0,0,0,0,10,10,10,10,10,10,10,10,10,10,10,10,10,10,10,10,10,10,10,10,0,0,0,0,0,0,0,0,0,0,0,0,0,0,0,0,0,0,0,0
10.0,3.936607,3.936607,3.936607,3.936607,3.936607,3.936607,3.936607,3.936607,3.936607,3.936607,3.936607,3.936607,3.936607,3.936607,3.936607,3.936607,3.936607,3.936607,3.936607,0.0,0.990954,0.990954,0.990954,0.990954,0.990954,0.990954,0.990954,0.990954,0.990954,0.990954,0.990954,0.990954,0.990954,0.990954,0.990954,0.990954,0.990954,0.990954,0.990954,0,0,0,0,0,0,0,0,0,0,0,0,0,0,0,0,0,0,0,0,10,10,10,10,10,10,10,10,10,10,10,10,10,10,10,10,10,10,10,10,0,0,0,0,0,0,0,0,0,0,0,0,0,0,0,0,0,0,0,0
127.0,117.112379,123.75421,119.384205,123.825073,122.771214,122.771214,122.771214,122.771214,122.771214,122.771214,122.771214,122.771214,122.771214,122.771214,122.771214,122.771214,122.771214,122.771214,122.771214,35.0,33.113745,23.162772,14.122753,7.070282,2.911673,2.911673,2.911673,2.911673,2.911673,2.911673,2.911673,2.911673,2.911673,2.911673,2.911673,2.911673,2.911673,2.911673,2.911673,0,0,0,0,0,0,0,0,0,0,0,0,0,0,0,0,0,0,0,0,10,10,10,10,10,10,10,10,10,10,10,10,10,10,10,10,10,10,10,10,0,0,0,0,0,0,0,0,0,0,0,0,0,0,0,0,0,0,0,0
19.849522,21.545238,21.545238,21.545238,21.545238,21.545238,21.545238,21.545238,21.545238,21.545238,21.545238,21.545238,21.545238,21.545238,21.545238,21.545238,21.545238,21.545238,21.545238,21.545238,2.64011,11.296086,11.296086,11.296086,11.296086,11.296086,11.296086,11.296086,11.296086,11.296086,11.296086,11.296086,11.296086,11.296086,11.296086,11.296086,11.296086,11.296086,11.296086,11.296086,0,0,0,0,0,0,0,0,0,0,0,0,0,0,0,0,0,0,0,0,10,10,10,10,10,10,10,10,10,10,10,10,10,10,10,10,10,10,10,10,0,0,0,0,0,0,0,0,0,0,0,0,0,0,0,0,0,0,0,0
45.674145,45.669205,45.669205,45.669205,45.669205,45.669205,45.669205,45.669205,45.669205,45.669205,45.669205,45.669205,45.669205,45.669205,45.669205,45.669205,45.669205,45.669205,45.669205,45.669205,50.885359,56.957704,56.957704,56.957704,56.957704,56.957704,56.957704,56.957704,56.957704,56.957704,56.957704,56.957704,56.957704,56.957704,56.957704,56.957704,56.957704,56.957704,56.957704,56.957704,0,0,0,0,0,0,0,0,0,0,0,0,0,0,0,0,0,0,0,0,10,10,10,10,10,10,10,10,10,10,10,10,10,10,10,10,10,10,10,10,0,0,0,0,0,0,0,0,0,0,0,0,0,0,0,0,0,0,0,0
10.123318,15.949696,15.949696,15.949696,15.949696,15.949696,15.949696,15.949696,15.949696,15.949696,15.949696,15.949696,15.949696,15.949696,15.949696,15.949696,15.949696,15.949696,15.949696,15.949696,6.551391,1.68436,1.68436,1.68436,1.68436,1.68436,1.68436,1.68436,1.68436,1.68436,1.68436,1.68436,1.68436,1.68436,1.68436,1.68436,1.68436,1.68436,1.68436,1.68436,0,0,0,0,0,0,0,0,0,0,0,0,0,0,0,0,0,0,0,0,10,10,10,10,10,10,10,10,10,10,10,10,10,10,10,10,10,10,10,10,0,0,0,0,0,0,0,0,0,0,0,0,0,0,0,0,0,0,0,0
1.877759,12.846157,17.164485,17.164485,17.164485,17.164485,17.164485,17.164485,17.164485,17.164485,17.164485,17.164485,17.164485,17.164485,17.164485,17.164485,17.164485,17.164485,17.164485,17.164485,51.006957,49.261529,43.179893,43.179893,43.179893,43.179893,43.179893,43.179893,43.179893,43.179893,43.179893,43.179893,43.179893,43.179893,43.179893,43.179893,43.179893,43.179893,43.179893,43.179893,0,0,0,0,0,0,0,0,0,0,0,0,0,0,0,0,0,0,0,0,10,10,10,10,10,10,10,10,10,10,10,10,10,10,10,10,10,10,10,10,0,0,0,0,0,0,0,0,0,0,0,0,0,0,0,0,0,0,0,0
28.435244,37.665258,30.891985,30.891985,30.891985,30.891985,30.891985,30.891985,30.891985,30.891985,30.891985,30.891985,30.891985,30.891985,30.891985,30.891985,30.891985,30.891985,30.891985,30.891985,15.890496,18.48483,20.741945,20.741945,20.741945,20.741945,20.741945,20.741945,20.741945,20.741945,20.741945,20.741945,20.741945,20.741945,20.741945,20.741945,20.741945,20.741945,20.741945,20.741945,0,0,0,0,0,0,0,0,0,0,0,0,0,0,0,0,0,0,0,0,10,10,10,10,10,10,10,10,10,10,10,10,10,10,10,10,10,10,10,10,0,0,0,0,0,0,0,0,0,0,0,0,0,0,0,0,0,0,0,0
8.888293,4.757325,17.246001,17.246001,17.246001,17.246001,17.246001,17.246001,17.246001,17.246001,17.246001,17.246001,17.246001,17.246001,17.246001,17.246001,17.246001,17.246001,17.246001,17.246001,102.214635,91.419306,99.06132,99.06132,99.06132,99.06132,99.06132,99.06132,99.06132,99.06132,99.06132,99.06132,99.06132,99.06132,99.06132,99.06132,99.06132,99.06132,99.06132,99.06132,0,0,0,0,0,0,0,0,0,0,0,0,0,0,0,0,0,0,0,0,10,10,10,10,10,10,10,10,10,10,10,10,10,10,10,10,10,10,10,10,0,0,0,0,0,0,0,0,0,0,0,0,0,0,0,0,0,0,0,0
0.0,0.0,0.0,0.0,0.0,0.0,0.0,0.0,0.0,0.0,0.0,0.0,0.0,0.0,0.0,0.0,0.0,0.0,0.0,0.0,64.0,59.0,59.0,59.0,59.0,59.0,59.0,59.0,59.0,59.0,59.0,59.0,59.0,59.0,59.0,59.0,59.0,59.0,59.0,59.0,0,0,0,0,0,0,0,0,0,0,0,0,0,0,0,0,0,0,0,0,10,10,10,10,10,10,10,10,10,10,10,10,10,10,10,10,10,10,10,10,0,0,0,0,0,0,0,0,0,0,0,0,0,0,0,0,0,0,0,0
83.879008,74.808785,83.049271,76.643902,87.413362,82.331938,89.817577,84.114851,84.114851,84.114851,84.114851,84.114851,84.114851,84.114851,84.114851,84.114851,84.114851,84.114851,84.114851,84.114851,94.360731,94.11493,88.273052,100.751121,94.154271,101.239963,96.012426,105.685341,105.685341,105.685341,105.685341,105.685341,105.685341,105.685341,105.685341,105.685341,105.685341,105.685341,105.685341,105.685341,0,0,0,0,0,0,0,0,0,0,0,0,0,0,0,0,0,0,0,0,10,10,10,10,10,10,10,10,10,10,10,10,10,10,10,10,10,10,10,10,0,0,0,0,0,0,0,0,0,0,0,0,0,0,0,0,0,0,0,0
42.113189,48.786769,46.453461,62.819551,62.819551,62.819551,62.819551,62.819551,62.819551,62.819551,62.819551,62.819551,62.819551,62.819551,62.819551,62.819551,62.819551,62.819551,62.819551,62.819551,93.150543,96.053094,86.716658,101.160685,101.160685,101.160685,101.160685,101.160685,101.160685,101.160685,101.160685,101.160685,101.160685,101.160685,101.160685,101.160685,101.160685,101.160685,101.160685,101.160685,0,0,0,0,0,0,0,0,0,0,0,0,0,0,0,0,0,0,0,0,10,10,10,10,10,10,10,10,10,10,10,10,10,10,10,10,10,10,10,10,0,0,0,0,0,0,0,0,0,0,0,0,0,0,0,0,0,0,0,0
41.371851,41.103176,39.300083,33.306509,33.306509,33.306509,33.306509,33.306509,33.306509,33.306509,33.306509,33.306509,33.306509,33.306509,33.306509,33.306509,33.306509,33.306509,33.306509,33.306509,77.116115,71.968921,82.777976,85.843371,85.843371,85.843371,85.843371,85.843371,85.843371,85.843371,85.843371,85.843371,85.843371,85.843371,85.843371,85.843371,85.843371,85.843371,85.843371,85.843371,0,0,0,0,0,0,0,0,0,0,0,0,0,0,0,0,0,0,0,0,10,10,10,10,10,10,10,10,10,10,10,10,10,10,10,10,10,10,10,10,0,0,0,0,0,0,0,0,0,0,0,0,0,0,0,0,0,0,0,0
69.038321,69.346326,70.084508,79.116353,63.946967,71.598008,71.598008,71.598008,71.598008,71.598008,71.598008,71.598008,71.598008,71.598008,71.598008,71.598008,71.598008,71.598008,71.598008,71.598008,70.051994,82.981817,70.824045,62.38824,81.726188,82.077302,82.077302,82.077302,82.077302,82.077302,82.077302,82.077302,82.077302,82.077302,82.077302,82.077302,82.077302,82.077302,82.077302,82.077302,0,0,0,0,0,0,0,0,0,0,0,0,0,0,0,0,0,0,0,0,10,10,10,10,10,10,10,10,10,10,10,10,10,10,10,10,10,10,10,10,0,0,0,0,0,0,0,0,0,0,0,0,0,0,0,0,0,0,0,0
21.206671,18.845432,28.073966,18.927172,18.927172,18.927172,18.927172,18.927172,18.927172,18.927172,18.927172,18.927172,18.927172,18.927172,18.927172,18.927172,18.927172,18.927172,18.927172,18.927172,113.965984,103.190988,97.028559,104.242888,104.242888,104.242888,104.242888,104.242888,104.242888,104.242888,104.242888,104.242888,104.242888,104.242888,104.242888,104.242888,104.242888,104.242888,104.242888,104.242888,0,0,0,0,0,0,0,0,0,0,0,0,0,0,0,0,0,0,0,0,10,10,10,10,10,10,10,10,10,10,10,10,10,10,10,10,10,10,10,10,0,0,0,0,0,0,0,0,0,0,0,0,0,0,0,0,0,0,0,0
101.714116,99.540011,112.771847,104.668537,98.731985,88.76811,88.76811,88.76811,88.76811,88.76811,88.76811,88.76811,88.76811,88.76811,88.76811,88.76811,88.76811,88.76811,88.76811,88.76811,90.148998,87.481262,90.335544,84.881007,80.318455,82.043411,82.043411,82.043411,82.043411,82.043411,82.043411,82.043411,82.043411,82.043411,82.043411,82.043411,82.043411,82.043411,82.043411,82.043411,0,0,0,0,0,0,0,0,0,0,0,0,0,0,0,0,0,0,0,0,10,10,10,10,10,10,10,10,10,10,10,10,10,10,10,10,10,10,10,10,0,0,0,0,0,0,0,0,0,0,0,0,0,0,0,0,0,0,0,0
48.795639,53.088192,48.873865,40.732662,49.544897,50.850174,50.850174,50.850174,50.850174,50.850174,50.850174,50.850174,50.850174,50.850174,50.850174,50.850174,50.850174,50.850174,50.850174,50.850174,22.295078,32.430722,26.053332,30.811419,25.768672,31.420574,31.420574,31.420574,31.420574,31.420574,31.420574,31.420574,31.420574,31.420574,31.420574,31.420574,31.420574,31.420574,31.420574,31.420574,0,0,0,0,0,0,0,0,0,0,0,0,0,0,0,0,0,0,0,0,10,10,10,10,10,10,10,10,10,10,10,10,10,10,10,10,10,10,10,10,0,0,0,0,0,0,0,0,0,0,0,0,0,0,0,0,0,0,0,0
72.29606,64.280512,64.280512,64.280512,64.280512,64.280512,64.280512,64.280512,64.280512,64.280512,64.280512,64.280512,64.280512,64.280512,64.280512,64.280512,64.280512,64.280512,64.280512,64.280512,36.033226,35.730567,35.730567,35.730567,35.730567,35.730567,35.730567,35.730567,35.730567,35.730567,35.730567,35.730567,35.730567,35.730567,35.730567,35.730567,35.730567,35.730567,35.730567,35.730567,0,0,0,0,0,0,0,0,0,0,0,0,0,0,0,0,0,0,0,0,10,10,10,10,10,10,10,10,10,10,10,10,10,10,10,10,10,10,10,10,0,0,0,0,0,0,0,0,0,0,0,0,0,0,0,0,0,0,0,0
120.922532,124.078595,122.156315,127.0,127.0,127.0,127.0,127.0,127.0,127.0,127.0,127.0,127.0,127.0,127.0,127.0,127.0,127.0,127.0,127.0,108.952789,111.148151,113.765023,116.0,116.0,116.0,116.0,116.0,116.0,116.0,116.0,116.0,116.0,116.0,116.0,116.0,116.0,116.0,116.0,116.0,0,0,0,0,0,0,0,0,0,0,0,0,0,0,0,0,0,0,0,0,10,10,10,10,10,10,10,10,10,10,10,10,10,10,10,10,10,10,10,10,0,0,0,0,0,0,0,0,0,0,0,0,0,0,0,0,0,0,0,0
41.305851,37.713502,39.718298,51.904863,51.904863,51.904863,51.904863,51.904863,51.904863,51.904863,51.904863,51.904863,51.904863,51.904863,51.904863,51.904863,51.904863,51.904863,51.904863,51.904863,65.691212,61.714951,53.169835,48.426696,48.426696,48.426696,48.426696,48.426696,48.426696,48.426696,48.426696,48.426696,48.426696,48.426696,48.426696,48.426696,48.426696,48.426696,48.426696,48.426696,0,0,0,0,0,0,0,0,0,0,0,0,0,0,0,0,0,0,0,0,10,10,10,10,10,10,10,10,10,10,10,10,10,10,10,10,10,10,10,10,0,0,0,0,0,0,0,0,0,0,0,0,0,0,0,0,0,0,0,0
31.243684,28.134469,22.294704,18.080668,18.080668,18.080668,18.080668,18.080668,18.080668,18.080668,18.080668,18.080668,18.080668,18.080668,18.080668,18.080668,18.080668,18.080668,18.080668,18.080668,62.54397,63.028323,51.725279,42.848292,42.848292,42.848292,42.848292,42.848292,42.848292,42.848292,42.848292,42.848292,42.848292,42.848292,42.848292,42.848292,42.848292,42.848292,42.848292,42.848292,0,0,0,0,0,0,0,0,0,0,0,0,0,0,0,0,0,0,0,0,10,10,10,10,10,10,10,10,10,10,10,10,10,10,10,10,10,10,10,10,0,0,0,0,0,0,0,0,0,0,0,0,0,0,0,0,0,0,0,0
62.855716,57.246328,57.299063,60.710531,60.710531,60.710531,60.710531,60.710531,60.710531,60.710531,60.710531,60.710531,60.710531,60.710531,60.710531,60.710531,60.710531,60.710531,60.710531,60.710531,30.107092,39.721539,44.095324,34.380624,34.380624,34.380624,34.380624,34.380624,34.380624,34.380624,34.380624,34.380624,34.380624,34.380624,34.380624,34.380624,34.380624,34.380624,34.380624,34.380624,0,0,0,0,0,0,0,0,0,0,0,0,0,0,0,0,0,0,0,0,10,10,10,10,10,10,10,10,10,10,10,10,10,10,10,10,10,10,10,10,0,0,0,0,0,0,0,0,0,0,0,0,0,0,0,0,0,0,0,0
127.0,127.0,127.0,127.0,127.0,127.0,127.0,127.0,127.0,127.0,127.0,127.0,127.0,127.0,127.0,127.0,127.0,127.0,127.0,127.0,101.0,108.0,108.0,108.0,108.0,108.0,108.0,108.0,108.0,108.0,108.0,108.0,108.0,108.0,108.0,108.0,108.0,108.0,108.0,108.0,0,0,0,0,0,0,0,0,0,0,0,0,0,0,0,0,0,0,0,0,10,10,10,10,10,10,10,10,10,10,10,10,10,10,10,10,10,10,10,10,0,0,0,0,0,0,0,0,0,0,0,0,0,0,0,0,0,0,0,0
8.873102,17.800459,23.112346,21.085087,21.085087,21.085087,21.085087,21.085087,21.085087,21.085087,21.085087,21.085087,21.085087,21.085087,21.085087,21.085087,21.085087,21.085087,21.085087,21.085087,121.387689,115.005333,122.068922,116.003561,116.003561,116.003561,116.003561,116.003561,116.003561,116.003561,116.003561,116.003561,116.003561,116.003561,116.003561,116.003561,116.003561,116.003561,116.003561,116.003561,0,0,0,0,0,0,0,0,0,0,0,0,0,0,0,0,0,0,0,0,10,10,10,10,10,10,10,10,10,10,10,10,10,10,10,10,10,10,10,10,0,0,0,0,0,0,0,0,0,0,0,0,0,0,0,0,0,0,0,0
37.934292,28.345745,28.345745,28.345745,28.345745,28.345745,28.345745,28.345745,28.345745,28.345745,28.345745,28.345745,28.345745,28.345745,28.345745,28.345745,28.345745,28.345745,28.345745,28.345745,99.958791,103.626025,103.626025,103.626025,103.626025,103.626025,103.626025,103.626025,103.626025,103.626025,103.626025,103.626025,103.626025,103.626025,103.626025,103.626025,103.626025,103.626025,103.626025,103.626025,0,0,0,0,0,0,0,0,0,0,0,0,0,0,0,0,0,0,0,0,10,10,10,10,10,10,10,10,10,10,10,10,10,10,10,10,10,10,10,10,0,0,0,0,0,0,0,0,0,0,0,0,0,0,0,0,0,0,0,0
124.536105,123.453456,122.825283,110.843455,110.843455,110.843455,110.843455,110.843455,110.843455,110.843455,110.843455,110.843455,110.843455,110.843455,110.843455,110.843455,110.843455,110.843455,110.843455,110.843455,82.379619,87.023347,84.033079,87.176923,87.176923,87.176923,87.176923,87.176923,87.176923,87.176923,87.176923,87.176923,87.176923,87.176923,87.176923,87.176923,87.176923,87.176923,87.176923,87.176923,0,0,0,0,0,0,0,0,0,0,0,0,0,0,0,0,0,0,0,0,10,10,10,10,10,10,10,10,10,10,10,10,10,10,10,10,10,10,10,10,0,0,0,0,0,0,0,0,0,0,0,0,0,0,0,0,0,0,0,0
31.951826,33.228203,33.228203,33.228203,33.228203,33.228203,33.228203,33.228203,33.228203,33.228203,33.228203,33.228203,33.228203,33.228203,33.228203,33.228203,33.228203,33.228203,33.228203,33.228203,21.727013,22.024325,22.024325,22.024325,22.024325,22.024325,22.024325,22.024325,22.024325,22.024325,22.024325,22.024325,22.024325,22.024325,22.024325,22.024325,22.024325,22.024325,22.024325,22.024325,0,0,0,0,0,0,0,0,0,0,0,0,0,0,0,0,0,0,0,0,10,10,10,10,10,10,10,10,10,10,10,10,10,10,10,10,10,10,10,10,0,0,0,0,0,0,0,0,0,0,0,0,0,0,0,0,0,0,0,0
27.0,19.767689,19.767689,19.767689,19.767689,19.767689,19.767689,19.767689,19.767689,19.767689,19.767689,19.767689,19.767689,19.767689,19.767689,19.767689,19.767689,19.767689,19.767689,19.767689,0.0,0.634769,0.634769,0.634769,0.634769,0.634769,0.634769,0.634769,0.634769,0.634769,0.634769,0.634769,0.634769,0.634769,0.634769,0.634769,0.634769,0.634769,0.634769,0.634769,0,0,0,0,0,0,0,0,0,0,0,0,0,0,0,0,0,0,0,0,10,10,10,10,10,10,10,10,10,10,10,10,10,10,10,10,10,10,10,10,0,0,0,0,0,0,0,0,0,0,0,0,0,0,0,0,0,0,0,0
36.529822,23.949024,23.949024,23.949024,23.949024,23.949024,23.949024,23.949024,23.949024,23.949024,23.949024,23.949024,23.949024,23.949024,23.949024,23.949024,23.949024,23.949024,23.949024,23.949024,13.760356,9.135851,9.135851,9.135851,9.135851,9.135851,9.135851,9.135851,9.135851,9.135851,9.135851,9.135851,9.135851,9.135851,9.135851,9.135851,9.135851,9.135851,9.135851,9.135851,0,0,0,0,0,0,0,0,0,0,0,0,0,0,0,0,0,0,0,0,10,10,10,10,10,10,10,10,10,10,10,10,10,10,10,10,10,10,10,10,0,0,0,0,0,0,0,0,0,0,0,0,0,0,0,0,0,0,0,0
53.161421,59.074694,59.074694,59.074694,59.074694,59.074694,59.074694,59.074694,59.074694,59.074694,59.074694,59.074694,59.074694,59.074694,59.074694,59.074694,59.074694,59.074694,59.074694,59.074694,58.126579,54.143904,54.143904,54.143904,54.143904,54.143904,54.143904,54.143904,54.143904,54.143904,54.143904,54.143904,54.143904,54.143904,54.143904,54.143904,54.143904,54.143904,54.143904,54.143904,0,0,0,0,0,0,0,0,0,0,0,0,0,0,0,0,0,0,0,0,10,10,10,10,10,10,10,10,10,10,10,10,10,10,10,10,10,10,10,10,0,0,0,0,0,0,0,0,0,0,0,0,0,0,0,0,0,0,0,0
